500
2
1650
1650
1 1 45.1 27
1 2 68.5 28
2 1 23.0 9
2 2 29.0 9
3 1 40.0 12
3 2 59.5 14
4 1 15.4 10
4 2 24.4 11
5 1 31.4 7
5 2 31.4 6
6 1 114.6 13
6 2 111.4 15
7 1 16.2 9
7 2 12.4 7
8 1 22.0 12
8 2 20.6 11
9 1 50.5 17
9 2 17.5 15
10 1 55.6 16
10 2 61.2 15
11 1 14.6 10
11 2 9.8 7
12 1 17.0 9
12 2 27.5 12
13 1 25.3 8
13 2 21.7 11
14 1 15.4 8
14 2 20.2 7
15 1 8.7 10
15 2 21.3 8
16 1 52.7 11
16 2 15.3 9
17 1 24.4 10
17 2 31.0 11
18 1 20.8 9
18 2 26.2 10
19 1 52.0 8
19 2 40.0 9
20 1 19.7 7
20 2 18.0 6
21 1 8.0 7
21 2 16.0 9
22 1 44.4 10
22 2 90.6 11
23 1 182.5 23
23 2 140.5 21
24 1 20.6 10
24 2 17.8 8
25 1 49.0 14
25 2 61.0 11
26 1 29.8 10
26 2 26.2 9
27 1 26.2 7
27 2 26.2 7
28 1 28.2 9
28 2 17.0 8
29 1 10.0 7
29 2 26.5 8
30 1 19.9 9
30 2 15.7 6
31 1 36.2 7
31 2 12.2 8
32 1 19.0 8
32 2 41.5 10
33 1 21.3 9
33 2 8.7 9
34 1 12.0 11
34 2 19.7 8
35 1 46.6 10
35 2 28.6 8
36 1 14.8 9
36 2 8.2 10
37 1 16.0 9
37 2 29.5 8
38 1 75.0 10
38 2 23.0 12
39 1 5.8 9
39 2 8.2 8
40 1 14.0 9
40 2 13.0 7
41 1 29.7 9
41 2 21.3 9
42 1 67.5 26
42 2 34.6 25
43 1 29.8 12
43 2 48.7 9
44 1 14.2 8
44 2 13.1 7
45 1 20.2 13
45 2 36.2 13
46 1 53.7 10
46 2 40.1 7
47 1 38.8 16
47 2 15.4 16
48 1 59.5 10
48 2 43.0 11
49 1 59.0 7
49 2 51.0 9
50 1 55.4 10
50 2 43.5 10
51 1 45.1 27
51 2 68.5 28
52 1 23.0 9
52 2 29.0 9
53 1 40.0 12
53 2 59.5 14
54 1 15.4 10
54 2 24.4 11
55 1 31.4 7
55 2 31.4 6
56 1 114.6 13
56 2 111.4 15
57 1 16.2 9
57 2 12.4 7
58 1 22.0 12
58 2 20.6 11
59 1 50.5 17
59 2 17.5 15
60 1 55.6 16
60 2 61.2 15
61 1 14.6 10
61 2 9.8 7
62 1 17.0 9
62 2 27.5 12
63 1 25.3 8
63 2 21.7 11
64 1 15.4 8
64 2 20.2 7
65 1 8.7 10
65 2 21.3 8
66 1 52.7 11
66 2 15.3 9
67 1 24.4 10
67 2 31.0 11
68 1 20.8 9
68 2 26.2 10
69 1 52.0 8
69 2 40.0 9
70 1 19.7 7
70 2 18.0 6
71 1 8.0 7
71 2 16.0 9
72 1 44.4 10
72 2 90.6 11
73 1 182.5 23
73 2 140.5 21
74 1 20.6 10
74 2 17.8 8
75 1 49.0 14
75 2 61.0 11
76 1 29.8 10
76 2 26.2 9
77 1 26.2 7
77 2 26.2 7
78 1 28.2 9
78 2 17.0 8
79 1 10.0 7
79 2 26.5 8
80 1 19.9 9
80 2 15.7 6
81 1 36.2 7
81 2 12.2 8
82 1 19.0 8
82 2 41.5 10
83 1 21.3 9
83 2 8.7 9
84 1 12.0 11
84 2 19.7 8
85 1 46.6 10
85 2 28.6 8
86 1 14.8 9
86 2 8.2 10
87 1 16.0 9
87 2 29.5 8
88 1 75.0 10
88 2 23.0 12
89 1 5.8 9
89 2 8.2 8
90 1 14.0 9
90 2 13.0 7
91 1 29.7 9
91 2 21.3 9
92 1 67.5 26
92 2 34.6 25
93 1 29.8 12
93 2 48.7 9
94 1 14.2 8
94 2 13.1 7
95 1 20.2 13
95 2 36.2 13
96 1 53.7 10
96 2 40.1 7
97 1 38.8 16
97 2 15.4 16
98 1 59.5 10
98 2 43.0 11
99 1 59.0 7
99 2 51.0 9
100 1 55.4 10
100 2 43.5 10
101 1 45.1 27
101 2 68.5 28
102 1 23.0 9
102 2 29.0 9
103 1 40.0 12
103 2 59.5 14
104 1 15.4 10
104 2 24.4 11
105 1 31.4 7
105 2 31.4 6
106 1 114.6 13
106 2 111.4 15
107 1 16.2 9
107 2 12.4 7
108 1 22.0 12
108 2 20.6 11
109 1 50.5 17
109 2 17.5 15
110 1 55.6 16
110 2 61.2 15
111 1 14.6 10
111 2 9.8 7
112 1 17.0 9
112 2 27.5 12
113 1 25.3 8
113 2 21.7 11
114 1 15.4 8
114 2 20.2 7
115 1 8.7 10
115 2 21.3 8
116 1 52.7 11
116 2 15.3 9
117 1 24.4 10
117 2 31.0 11
118 1 20.8 9
118 2 26.2 10
119 1 52.0 8
119 2 40.0 9
120 1 19.7 7
120 2 18.0 6
121 1 8.0 7
121 2 16.0 9
122 1 44.4 10
122 2 90.6 11
123 1 182.5 23
123 2 140.5 21
124 1 20.6 10
124 2 17.8 8
125 1 49.0 14
125 2 61.0 11
126 1 29.8 10
126 2 26.2 9
127 1 26.2 7
127 2 26.2 7
128 1 28.2 9
128 2 17.0 8
129 1 10.0 7
129 2 26.5 8
130 1 19.9 9
130 2 15.7 6
131 1 36.2 7
131 2 12.2 8
132 1 19.0 8
132 2 41.5 10
133 1 21.3 9
133 2 8.7 9
134 1 12.0 11
134 2 19.7 8
135 1 46.6 10
135 2 28.6 8
136 1 14.8 9
136 2 8.2 10
137 1 16.0 9
137 2 29.5 8
138 1 75.0 10
138 2 23.0 12
139 1 5.8 9
139 2 8.2 8
140 1 14.0 9
140 2 13.0 7
141 1 29.7 9
141 2 21.3 9
142 1 67.5 26
142 2 34.6 25
143 1 29.8 12
143 2 48.7 9
144 1 14.2 8
144 2 13.1 7
145 1 20.2 13
145 2 36.2 13
146 1 53.7 10
146 2 40.1 7
147 1 38.8 16
147 2 15.4 16
148 1 59.5 10
148 2 43.0 11
149 1 59.0 7
149 2 51.0 9
150 1 55.4 10
150 2 43.5 10
151 1 45.1 27
151 2 68.5 28
152 1 23.0 9
152 2 29.0 9
153 1 40.0 12
153 2 59.5 14
154 1 15.4 10
154 2 24.4 11
155 1 31.4 7
155 2 31.4 6
156 1 114.6 13
156 2 111.4 15
157 1 16.2 9
157 2 12.4 7
158 1 22.0 12
158 2 20.6 11
159 1 50.5 17
159 2 17.5 15
160 1 55.6 16
160 2 61.2 15
161 1 14.6 10
161 2 9.8 7
162 1 17.0 9
162 2 27.5 12
163 1 25.3 8
163 2 21.7 11
164 1 15.4 8
164 2 20.2 7
165 1 8.7 10
165 2 21.3 8
166 1 52.7 11
166 2 15.3 9
167 1 24.4 10
167 2 31.0 11
168 1 20.8 9
168 2 26.2 10
169 1 52.0 8
169 2 40.0 9
170 1 19.7 7
170 2 18.0 6
171 1 8.0 7
171 2 16.0 9
172 1 44.4 10
172 2 90.6 11
173 1 182.5 23
173 2 140.5 21
174 1 20.6 10
174 2 17.8 8
175 1 49.0 14
175 2 61.0 11
176 1 29.8 10
176 2 26.2 9
177 1 26.2 7
177 2 26.2 7
178 1 28.2 9
178 2 17.0 8
179 1 10.0 7
179 2 26.5 8
180 1 19.9 9
180 2 15.7 6
181 1 36.2 7
181 2 12.2 8
182 1 19.0 8
182 2 41.5 10
183 1 21.3 9
183 2 8.7 9
184 1 12.0 11
184 2 19.7 8
185 1 46.6 10
185 2 28.6 8
186 1 14.8 9
186 2 8.2 10
187 1 16.0 9
187 2 29.5 8
188 1 75.0 10
188 2 23.0 12
189 1 5.8 9
189 2 8.2 8
190 1 14.0 9
190 2 13.0 7
191 1 29.7 9
191 2 21.3 9
192 1 67.5 26
192 2 34.6 25
193 1 29.8 12
193 2 48.7 9
194 1 14.2 8
194 2 13.1 7
195 1 20.2 13
195 2 36.2 13
196 1 53.7 10
196 2 40.1 7
197 1 38.8 16
197 2 15.4 16
198 1 59.5 10
198 2 43.0 11
199 1 59.0 7
199 2 51.0 9
200 1 55.4 10
200 2 43.5 10
201 1 45.1 27
201 2 68.5 28
202 1 23.0 9
202 2 29.0 9
203 1 40.0 12
203 2 59.5 14
204 1 15.4 10
204 2 24.4 11
205 1 31.4 7
205 2 31.4 6
206 1 114.6 13
206 2 111.4 15
207 1 16.2 9
207 2 12.4 7
208 1 22.0 12
208 2 20.6 11
209 1 50.5 17
209 2 17.5 15
210 1 55.6 16
210 2 61.2 15
211 1 14.6 10
211 2 9.8 7
212 1 17.0 9
212 2 27.5 12
213 1 25.3 8
213 2 21.7 11
214 1 15.4 8
214 2 20.2 7
215 1 8.7 10
215 2 21.3 8
216 1 52.7 11
216 2 15.3 9
217 1 24.4 10
217 2 31.0 11
218 1 20.8 9
218 2 26.2 10
219 1 52.0 8
219 2 40.0 9
220 1 19.7 7
220 2 18.0 6
221 1 8.0 7
221 2 16.0 9
222 1 44.4 10
222 2 90.6 11
223 1 182.5 23
223 2 140.5 21
224 1 20.6 10
224 2 17.8 8
225 1 49.0 14
225 2 61.0 11
226 1 29.8 10
226 2 26.2 9
227 1 26.2 7
227 2 26.2 7
228 1 28.2 9
228 2 17.0 8
229 1 10.0 7
229 2 26.5 8
230 1 19.9 9
230 2 15.7 6
231 1 36.2 7
231 2 12.2 8
232 1 19.0 8
232 2 41.5 10
233 1 21.3 9
233 2 8.7 9
234 1 12.0 11
234 2 19.7 8
235 1 46.6 10
235 2 28.6 8
236 1 14.8 9
236 2 8.2 10
237 1 16.0 9
237 2 29.5 8
238 1 75.0 10
238 2 23.0 12
239 1 5.8 9
239 2 8.2 8
240 1 14.0 9
240 2 13.0 7
241 1 29.7 9
241 2 21.3 9
242 1 67.5 26
242 2 34.6 25
243 1 29.8 12
243 2 48.7 9
244 1 14.2 8
244 2 13.1 7
245 1 20.2 13
245 2 36.2 13
246 1 53.7 10
246 2 40.1 7
247 1 38.8 16
247 2 15.4 16
248 1 59.5 10
248 2 43.0 11
249 1 59.0 7
249 2 51.0 9
250 1 55.4 10
250 2 43.5 10
251 1 45.1 27
251 2 68.5 28
252 1 23.0 9
252 2 29.0 9
253 1 40.0 12
253 2 59.5 14
254 1 15.4 10
254 2 24.4 11
255 1 31.4 7
255 2 31.4 6
256 1 114.6 13
256 2 111.4 15
257 1 16.2 9
257 2 12.4 7
258 1 22.0 12
258 2 20.6 11
259 1 50.5 17
259 2 17.5 15
260 1 55.6 16
260 2 61.2 15
261 1 14.6 10
261 2 9.8 7
262 1 17.0 9
262 2 27.5 12
263 1 25.3 8
263 2 21.7 11
264 1 15.4 8
264 2 20.2 7
265 1 8.7 10
265 2 21.3 8
266 1 52.7 11
266 2 15.3 9
267 1 24.4 10
267 2 31.0 11
268 1 20.8 9
268 2 26.2 10
269 1 52.0 8
269 2 40.0 9
270 1 19.7 7
270 2 18.0 6
271 1 8.0 7
271 2 16.0 9
272 1 44.4 10
272 2 90.6 11
273 1 182.5 23
273 2 140.5 21
274 1 20.6 10
274 2 17.8 8
275 1 49.0 14
275 2 61.0 11
276 1 29.8 10
276 2 26.2 9
277 1 26.2 7
277 2 26.2 7
278 1 28.2 9
278 2 17.0 8
279 1 10.0 7
279 2 26.5 8
280 1 19.9 9
280 2 15.7 6
281 1 36.2 7
281 2 12.2 8
282 1 19.0 8
282 2 41.5 10
283 1 21.3 9
283 2 8.7 9
284 1 12.0 11
284 2 19.7 8
285 1 46.6 10
285 2 28.6 8
286 1 14.8 9
286 2 8.2 10
287 1 16.0 9
287 2 29.5 8
288 1 75.0 10
288 2 23.0 12
289 1 5.8 9
289 2 8.2 8
290 1 14.0 9
290 2 13.0 7
291 1 29.7 9
291 2 21.3 9
292 1 67.5 26
292 2 34.6 25
293 1 29.8 12
293 2 48.7 9
294 1 14.2 8
294 2 13.1 7
295 1 20.2 13
295 2 36.2 13
296 1 53.7 10
296 2 40.1 7
297 1 38.8 16
297 2 15.4 16
298 1 59.5 10
298 2 43.0 11
299 1 59.0 7
299 2 51.0 9
300 1 55.4 10
300 2 43.5 10
301 1 45.1 27
301 2 68.5 28
302 1 23.0 9
302 2 29.0 9
303 1 40.0 12
303 2 59.5 14
304 1 15.4 10
304 2 24.4 11
305 1 31.4 7
305 2 31.4 6
306 1 114.6 13
306 2 111.4 15
307 1 16.2 9
307 2 12.4 7
308 1 22.0 12
308 2 20.6 11
309 1 50.5 17
309 2 17.5 15
310 1 55.6 16
310 2 61.2 15
311 1 14.6 10
311 2 9.8 7
312 1 17.0 9
312 2 27.5 12
313 1 25.3 8
313 2 21.7 11
314 1 15.4 8
314 2 20.2 7
315 1 8.7 10
315 2 21.3 8
316 1 52.7 11
316 2 15.3 9
317 1 24.4 10
317 2 31.0 11
318 1 20.8 9
318 2 26.2 10
319 1 52.0 8
319 2 40.0 9
320 1 19.7 7
320 2 18.0 6
321 1 8.0 7
321 2 16.0 9
322 1 44.4 10
322 2 90.6 11
323 1 182.5 23
323 2 140.5 21
324 1 20.6 10
324 2 17.8 8
325 1 49.0 14
325 2 61.0 11
326 1 29.8 10
326 2 26.2 9
327 1 26.2 7
327 2 26.2 7
328 1 28.2 9
328 2 17.0 8
329 1 10.0 7
329 2 26.5 8
330 1 19.9 9
330 2 15.7 6
331 1 36.2 7
331 2 12.2 8
332 1 19.0 8
332 2 41.5 10
333 1 21.3 9
333 2 8.7 9
334 1 12.0 11
334 2 19.7 8
335 1 46.6 10
335 2 28.6 8
336 1 14.8 9
336 2 8.2 10
337 1 16.0 9
337 2 29.5 8
338 1 75.0 10
338 2 23.0 12
339 1 5.8 9
339 2 8.2 8
340 1 14.0 9
340 2 13.0 7
341 1 29.7 9
341 2 21.3 9
342 1 67.5 26
342 2 34.6 25
343 1 29.8 12
343 2 48.7 9
344 1 14.2 8
344 2 13.1 7
345 1 20.2 13
345 2 36.2 13
346 1 53.7 10
346 2 40.1 7
347 1 38.8 16
347 2 15.4 16
348 1 59.5 10
348 2 43.0 11
349 1 59.0 7
349 2 51.0 9
350 1 55.4 10
350 2 43.5 10
351 1 45.1 27
351 2 68.5 28
352 1 23.0 9
352 2 29.0 9
353 1 40.0 12
353 2 59.5 14
354 1 15.4 10
354 2 24.4 11
355 1 31.4 7
355 2 31.4 6
356 1 114.6 13
356 2 111.4 15
357 1 16.2 9
357 2 12.4 7
358 1 22.0 12
358 2 20.6 11
359 1 50.5 17
359 2 17.5 15
360 1 55.6 16
360 2 61.2 15
361 1 14.6 10
361 2 9.8 7
362 1 17.0 9
362 2 27.5 12
363 1 25.3 8
363 2 21.7 11
364 1 15.4 8
364 2 20.2 7
365 1 8.7 10
365 2 21.3 8
366 1 52.7 11
366 2 15.3 9
367 1 24.4 10
367 2 31.0 11
368 1 20.8 9
368 2 26.2 10
369 1 52.0 8
369 2 40.0 9
370 1 19.7 7
370 2 18.0 6
371 1 8.0 7
371 2 16.0 9
372 1 44.4 10
372 2 90.6 11
373 1 182.5 23
373 2 140.5 21
374 1 20.6 10
374 2 17.8 8
375 1 49.0 14
375 2 61.0 11
376 1 29.8 10
376 2 26.2 9
377 1 26.2 7
377 2 26.2 7
378 1 28.2 9
378 2 17.0 8
379 1 10.0 7
379 2 26.5 8
380 1 19.9 9
380 2 15.7 6
381 1 36.2 7
381 2 12.2 8
382 1 19.0 8
382 2 41.5 10
383 1 21.3 9
383 2 8.7 9
384 1 12.0 11
384 2 19.7 8
385 1 46.6 10
385 2 28.6 8
386 1 14.8 9
386 2 8.2 10
387 1 16.0 9
387 2 29.5 8
388 1 75.0 10
388 2 23.0 12
389 1 5.8 9
389 2 8.2 8
390 1 14.0 9
390 2 13.0 7
391 1 29.7 9
391 2 21.3 9
392 1 67.5 26
392 2 34.6 25
393 1 29.8 12
393 2 48.7 9
394 1 14.2 8
394 2 13.1 7
395 1 20.2 13
395 2 36.2 13
396 1 53.7 10
396 2 40.1 7
397 1 38.8 16
397 2 15.4 16
398 1 59.5 10
398 2 43.0 11
399 1 59.0 7
399 2 51.0 9
400 1 55.4 10
400 2 43.5 10
401 1 45.1 27
401 2 68.5 28
402 1 23.0 9
402 2 29.0 9
403 1 40.0 12
403 2 59.5 14
404 1 15.4 10
404 2 24.4 11
405 1 31.4 7
405 2 31.4 6
406 1 114.6 13
406 2 111.4 15
407 1 16.2 9
407 2 12.4 7
408 1 22.0 12
408 2 20.6 11
409 1 50.5 17
409 2 17.5 15
410 1 55.6 16
410 2 61.2 15
411 1 14.6 10
411 2 9.8 7
412 1 17.0 9
412 2 27.5 12
413 1 25.3 8
413 2 21.7 11
414 1 15.4 8
414 2 20.2 7
415 1 8.7 10
415 2 21.3 8
416 1 52.7 11
416 2 15.3 9
417 1 24.4 10
417 2 31.0 11
418 1 20.8 9
418 2 26.2 10
419 1 52.0 8
419 2 40.0 9
420 1 19.7 7
420 2 18.0 6
421 1 8.0 7
421 2 16.0 9
422 1 44.4 10
422 2 90.6 11
423 1 182.5 23
423 2 140.5 21
424 1 20.6 10
424 2 17.8 8
425 1 49.0 14
425 2 61.0 11
426 1 29.8 10
426 2 26.2 9
427 1 26.2 7
427 2 26.2 7
428 1 28.2 9
428 2 17.0 8
429 1 10.0 7
429 2 26.5 8
430 1 19.9 9
430 2 15.7 6
431 1 36.2 7
431 2 12.2 8
432 1 19.0 8
432 2 41.5 10
433 1 21.3 9
433 2 8.7 9
434 1 12.0 11
434 2 19.7 8
435 1 46.6 10
435 2 28.6 8
436 1 14.8 9
436 2 8.2 10
437 1 16.0 9
437 2 29.5 8
438 1 75.0 10
438 2 23.0 12
439 1 5.8 9
439 2 8.2 8
440 1 14.0 9
440 2 13.0 7
441 1 29.7 9
441 2 21.3 9
442 1 67.5 26
442 2 34.6 25
443 1 29.8 12
443 2 48.7 9
444 1 14.2 8
444 2 13.1 7
445 1 20.2 13
445 2 36.2 13
446 1 53.7 10
446 2 40.1 7
447 1 38.8 16
447 2 15.4 16
448 1 59.5 10
448 2 43.0 11
449 1 59.0 7
449 2 51.0 9
450 1 55.4 10
450 2 43.5 10
451 1 45.1 27
451 2 68.5 28
452 1 23.0 9
452 2 29.0 9
453 1 40.0 12
453 2 59.5 14
454 1 15.4 10
454 2 24.4 11
455 1 31.4 7
455 2 31.4 6
456 1 114.6 13
456 2 111.4 15
457 1 16.2 9
457 2 12.4 7
458 1 22.0 12
458 2 20.6 11
459 1 50.5 17
459 2 17.5 15
460 1 55.6 16
460 2 61.2 15
461 1 14.6 10
461 2 9.8 7
462 1 17.0 9
462 2 27.5 12
463 1 25.3 8
463 2 21.7 11
464 1 15.4 8
464 2 20.2 7
465 1 8.7 10
465 2 21.3 8
466 1 52.7 11
466 2 15.3 9
467 1 24.4 10
467 2 31.0 11
468 1 20.8 9
468 2 26.2 10
469 1 52.0 8
469 2 40.0 9
470 1 19.7 7
470 2 18.0 6
471 1 8.0 7
471 2 16.0 9
472 1 44.4 10
472 2 90.6 11
473 1 182.5 23
473 2 140.5 21
474 1 20.6 10
474 2 17.8 8
475 1 49.0 14
475 2 61.0 11
476 1 29.8 10
476 2 26.2 9
477 1 26.2 7
477 2 26.2 7
478 1 28.2 9
478 2 17.0 8
479 1 10.0 7
479 2 26.5 8
480 1 19.9 9
480 2 15.7 6
481 1 36.2 7
481 2 12.2 8
482 1 19.0 8
482 2 41.5 10
483 1 21.3 9
483 2 8.7 9
484 1 12.0 11
484 2 19.7 8
485 1 46.6 10
485 2 28.6 8
486 1 14.8 9
486 2 8.2 10
487 1 16.0 9
487 2 29.5 8
488 1 75.0 10
488 2 23.0 12
489 1 5.8 9
489 2 8.2 8
490 1 14.0 9
490 2 13.0 7
491 1 29.7 9
491 2 21.3 9
492 1 67.5 26
492 2 34.6 25
493 1 29.8 12
493 2 48.7 9
494 1 14.2 8
494 2 13.1 7
495 1 20.2 13
495 2 36.2 13
496 1 53.7 10
496 2 40.1 7
497 1 38.8 16
497 2 15.4 16
498 1 59.5 10
498 2 43.0 11
499 1 59.0 7
499 2 51.0 9
500 1 55.4 10
500 2 43.5 10
1 260
2 45
3 121
4 25
5 77
6 216
7 30
8 61
9 40
10 268
11 36
12 89
13 74
14 81
15 46
16 76
17 181
18 213
19 149
20 71
21 34
22 242
23 211
24 73
25 183
26 41
27 28
28 104
29 25
30 100
31 28
32 108
33 55
34 21
35 40
36 57
37 48
38 21
39 27
40 89
41 179
42 264
43 237
44 75
45 48
46 32
47 32
48 50
49 140
50 43
51 260
52 45
53 121
54 25
55 77
56 216
57 30
58 61
59 40
60 268
61 36
62 89
63 74
64 81
65 46
66 76
67 181
68 213
69 149
70 71
71 34
72 242
73 211
74 73
75 183
76 41
77 28
78 104
79 25
80 100
81 28
82 108
83 55
84 21
85 40
86 57
87 48
88 21
89 27
90 89
91 179
92 264
93 237
94 75
95 48
96 32
97 32
98 50
99 140
100 43
101 260
102 45
103 121
104 25
105 77
106 216
107 30
108 61
109 40
110 268
111 36
112 89
113 74
114 81
115 46
116 76
117 181
118 213
119 149
120 71
121 34
122 242
123 211
124 73
125 183
126 41
127 28
128 104
129 25
130 100
131 28
132 108
133 55
134 21
135 40
136 57
137 48
138 21
139 27
140 89
141 179
142 264
143 237
144 75
145 48
146 32
147 32
148 50
149 140
150 43
151 260
152 45
153 121
154 25
155 77
156 216
157 30
158 61
159 40
160 268
161 36
162 89
163 74
164 81
165 46
166 76
167 181
168 213
169 149
170 71
171 34
172 242
173 211
174 73
175 183
176 41
177 28
178 104
179 25
180 100
181 28
182 108
183 55
184 21
185 40
186 57
187 48
188 21
189 27
190 89
191 179
192 264
193 237
194 75
195 48
196 32
197 32
198 50
199 140
200 43
201 260
202 45
203 121
204 25
205 77
206 216
207 30
208 61
209 40
210 268
211 36
212 89
213 74
214 81
215 46
216 76
217 181
218 213
219 149
220 71
221 34
222 242
223 211
224 73
225 183
226 41
227 28
228 104
229 25
230 100
231 28
232 108
233 55
234 21
235 40
236 57
237 48
238 21
239 27
240 89
241 179
242 264
243 237
244 75
245 48
246 32
247 32
248 50
249 140
250 43
251 260
252 45
253 121
254 25
255 77
256 216
257 30
258 61
259 40
260 268
261 36
262 89
263 74
264 81
265 46
266 76
267 181
268 213
269 149
270 71
271 34
272 242
273 211
274 73
275 183
276 41
277 28
278 104
279 25
280 100
281 28
282 108
283 55
284 21
285 40
286 57
287 48
288 21
289 27
290 89
291 179
292 264
293 237
294 75
295 48
296 32
297 32
298 50
299 140
300 43
301 260
302 45
303 121
304 25
305 77
306 216
307 30
308 61
309 40
310 268
311 36
312 89
313 74
314 81
315 46
316 76
317 181
318 213
319 149
320 71
321 34
322 242
323 211
324 73
325 183
326 41
327 28
328 104
329 25
330 100
331 28
332 108
333 55
334 21
335 40
336 57
337 48
338 21
339 27
340 89
341 179
342 264
343 237
344 75
345 48
346 32
347 32
348 50
349 140
350 43
351 260
352 45
353 121
354 25
355 77
356 216
357 30
358 61
359 40
360 268
361 36
362 89
363 74
364 81
365 46
366 76
367 181
368 213
369 149
370 71
371 34
372 242
373 211
374 73
375 183
376 41
377 28
378 104
379 25
380 100
381 28
382 108
383 55
384 21
385 40
386 57
387 48
388 21
389 27
390 89
391 179
392 264
393 237
394 75
395 48
396 32
397 32
398 50
399 140
400 43
401 260
402 45
403 121
404 25
405 77
406 216
407 30
408 61
409 40
410 268
411 36
412 89
413 74
414 81
415 46
416 76
417 181
418 213
419 149
420 71
421 34
422 242
423 211
424 73
425 183
426 41
427 28
428 104
429 25
430 100
431 28
432 108
433 55
434 21
435 40
436 57
437 48
438 21
439 27
440 89
441 179
442 264
443 237
444 75
445 48
446 32
447 32
448 50
449 140
450 43
451 260
452 45
453 121
454 25
455 77
456 216
457 30
458 61
459 40
460 268
461 36
462 89
463 74
464 81
465 46
466 76
467 181
468 213
469 149
470 71
471 34
472 242
473 211
474 73
475 183
476 41
477 28
478 104
479 25
480 100
481 28
482 108
483 55
484 21
485 40
486 57
487 48
488 21
489 27
490 89
491 179
492 264
493 237
494 75
495 48
496 32
497 32
498 50
499 140
500 43
