400
2
1320
1320
1 1 44.1 26
1 2 67.5 27
2 1 22.0 8
2 2 28.0 8
3 1 39.0 11
3 2 58.5 13
4 1 14.4 9
4 2 23.4 10
5 1 30.4 6
5 2 30.4 5
6 1 113.6 12
6 2 110.4 14
7 1 15.2 8
7 2 11.4 6
8 1 21.0 11
8 2 19.6 10
9 1 49.5 16
9 2 16.5 14
10 1 54.6 15
10 2 60.2 14
11 1 13.6 9
11 2 8.8 6
12 1 16.0 8
12 2 26.5 11
13 1 24.3 7
13 2 20.7 10
14 1 14.4 7
14 2 19.2 6
15 1 7.7 9
15 2 20.3 7
16 1 51.7 10
16 2 14.3 8
17 1 23.4 9
17 2 30.0 10
18 1 19.8 8
18 2 25.2 9
19 1 51.0 7
19 2 39.0 8
20 1 18.7 6
20 2 17.0 5
21 1 7.0 6
21 2 15.0 8
22 1 43.4 9
22 2 89.6 10
23 1 181.5 22
23 2 139.5 20
24 1 19.6 9
24 2 16.8 7
25 1 48.0 13
25 2 60.0 10
26 1 28.8 9
26 2 25.2 8
27 1 25.2 6
27 2 25.2 6
28 1 27.2 8
28 2 16.0 7
29 1 9.0 6
29 2 25.5 7
30 1 18.9 8
30 2 14.7 5
31 1 35.2 6
31 2 11.2 7
32 1 18.0 7
32 2 40.5 9
33 1 20.3 8
33 2 7.7 8
34 1 11.0 10
34 2 18.7 7
35 1 45.6 9
35 2 27.6 7
36 1 13.8 8
36 2 7.2 9
37 1 15.0 8
37 2 28.5 7
38 1 74.0 9
38 2 22.0 11
39 1 4.8 8
39 2 7.2 7
40 1 13.0 8
40 2 12.0 6
41 1 28.7 8
41 2 20.3 8
42 1 66.5 25
42 2 33.6 24
43 1 28.8 11
43 2 47.7 8
44 1 13.2 7
44 2 12.1 6
45 1 19.2 12
45 2 35.2 12
46 1 52.7 9
46 2 39.1 6
47 1 37.8 15
47 2 14.4 15
48 1 58.5 9
48 2 42.0 10
49 1 58.0 6
49 2 50.0 8
50 1 54.4 9
50 2 42.5 9
51 1 44.1 26
51 2 67.5 27
52 1 22.0 8
52 2 28.0 8
53 1 39.0 11
53 2 58.5 13
54 1 14.4 9
54 2 23.4 10
55 1 30.4 6
55 2 30.4 5
56 1 113.6 12
56 2 110.4 14
57 1 15.2 8
57 2 11.4 6
58 1 21.0 11
58 2 19.6 10
59 1 49.5 16
59 2 16.5 14
60 1 54.6 15
60 2 60.2 14
61 1 13.6 9
61 2 8.8 6
62 1 16.0 8
62 2 26.5 11
63 1 24.3 7
63 2 20.7 10
64 1 14.4 7
64 2 19.2 6
65 1 7.7 9
65 2 20.3 7
66 1 51.7 10
66 2 14.3 8
67 1 23.4 9
67 2 30.0 10
68 1 19.8 8
68 2 25.2 9
69 1 51.0 7
69 2 39.0 8
70 1 18.7 6
70 2 17.0 5
71 1 7.0 6
71 2 15.0 8
72 1 43.4 9
72 2 89.6 10
73 1 181.5 22
73 2 139.5 20
74 1 19.6 9
74 2 16.8 7
75 1 48.0 13
75 2 60.0 10
76 1 28.8 9
76 2 25.2 8
77 1 25.2 6
77 2 25.2 6
78 1 27.2 8
78 2 16.0 7
79 1 9.0 6
79 2 25.5 7
80 1 18.9 8
80 2 14.7 5
81 1 35.2 6
81 2 11.2 7
82 1 18.0 7
82 2 40.5 9
83 1 20.3 8
83 2 7.7 8
84 1 11.0 10
84 2 18.7 7
85 1 45.6 9
85 2 27.6 7
86 1 13.8 8
86 2 7.2 9
87 1 15.0 8
87 2 28.5 7
88 1 74.0 9
88 2 22.0 11
89 1 4.8 8
89 2 7.2 7
90 1 13.0 8
90 2 12.0 6
91 1 28.7 8
91 2 20.3 8
92 1 66.5 25
92 2 33.6 24
93 1 28.8 11
93 2 47.7 8
94 1 13.2 7
94 2 12.1 6
95 1 19.2 12
95 2 35.2 12
96 1 52.7 9
96 2 39.1 6
97 1 37.8 15
97 2 14.4 15
98 1 58.5 9
98 2 42.0 10
99 1 58.0 6
99 2 50.0 8
100 1 54.4 9
100 2 42.5 9
101 1 44.1 26
101 2 67.5 27
102 1 22.0 8
102 2 28.0 8
103 1 39.0 11
103 2 58.5 13
104 1 14.4 9
104 2 23.4 10
105 1 30.4 6
105 2 30.4 5
106 1 113.6 12
106 2 110.4 14
107 1 15.2 8
107 2 11.4 6
108 1 21.0 11
108 2 19.6 10
109 1 49.5 16
109 2 16.5 14
110 1 54.6 15
110 2 60.2 14
111 1 13.6 9
111 2 8.8 6
112 1 16.0 8
112 2 26.5 11
113 1 24.3 7
113 2 20.7 10
114 1 14.4 7
114 2 19.2 6
115 1 7.7 9
115 2 20.3 7
116 1 51.7 10
116 2 14.3 8
117 1 23.4 9
117 2 30.0 10
118 1 19.8 8
118 2 25.2 9
119 1 51.0 7
119 2 39.0 8
120 1 18.7 6
120 2 17.0 5
121 1 7.0 6
121 2 15.0 8
122 1 43.4 9
122 2 89.6 10
123 1 181.5 22
123 2 139.5 20
124 1 19.6 9
124 2 16.8 7
125 1 48.0 13
125 2 60.0 10
126 1 28.8 9
126 2 25.2 8
127 1 25.2 6
127 2 25.2 6
128 1 27.2 8
128 2 16.0 7
129 1 9.0 6
129 2 25.5 7
130 1 18.9 8
130 2 14.7 5
131 1 35.2 6
131 2 11.2 7
132 1 18.0 7
132 2 40.5 9
133 1 20.3 8
133 2 7.7 8
134 1 11.0 10
134 2 18.7 7
135 1 45.6 9
135 2 27.6 7
136 1 13.8 8
136 2 7.2 9
137 1 15.0 8
137 2 28.5 7
138 1 74.0 9
138 2 22.0 11
139 1 4.8 8
139 2 7.2 7
140 1 13.0 8
140 2 12.0 6
141 1 28.7 8
141 2 20.3 8
142 1 66.5 25
142 2 33.6 24
143 1 28.8 11
143 2 47.7 8
144 1 13.2 7
144 2 12.1 6
145 1 19.2 12
145 2 35.2 12
146 1 52.7 9
146 2 39.1 6
147 1 37.8 15
147 2 14.4 15
148 1 58.5 9
148 2 42.0 10
149 1 58.0 6
149 2 50.0 8
150 1 54.4 9
150 2 42.5 9
151 1 44.1 26
151 2 67.5 27
152 1 22.0 8
152 2 28.0 8
153 1 39.0 11
153 2 58.5 13
154 1 14.4 9
154 2 23.4 10
155 1 30.4 6
155 2 30.4 5
156 1 113.6 12
156 2 110.4 14
157 1 15.2 8
157 2 11.4 6
158 1 21.0 11
158 2 19.6 10
159 1 49.5 16
159 2 16.5 14
160 1 54.6 15
160 2 60.2 14
161 1 13.6 9
161 2 8.8 6
162 1 16.0 8
162 2 26.5 11
163 1 24.3 7
163 2 20.7 10
164 1 14.4 7
164 2 19.2 6
165 1 7.7 9
165 2 20.3 7
166 1 51.7 10
166 2 14.3 8
167 1 23.4 9
167 2 30.0 10
168 1 19.8 8
168 2 25.2 9
169 1 51.0 7
169 2 39.0 8
170 1 18.7 6
170 2 17.0 5
171 1 7.0 6
171 2 15.0 8
172 1 43.4 9
172 2 89.6 10
173 1 181.5 22
173 2 139.5 20
174 1 19.6 9
174 2 16.8 7
175 1 48.0 13
175 2 60.0 10
176 1 28.8 9
176 2 25.2 8
177 1 25.2 6
177 2 25.2 6
178 1 27.2 8
178 2 16.0 7
179 1 9.0 6
179 2 25.5 7
180 1 18.9 8
180 2 14.7 5
181 1 35.2 6
181 2 11.2 7
182 1 18.0 7
182 2 40.5 9
183 1 20.3 8
183 2 7.7 8
184 1 11.0 10
184 2 18.7 7
185 1 45.6 9
185 2 27.6 7
186 1 13.8 8
186 2 7.2 9
187 1 15.0 8
187 2 28.5 7
188 1 74.0 9
188 2 22.0 11
189 1 4.8 8
189 2 7.2 7
190 1 13.0 8
190 2 12.0 6
191 1 28.7 8
191 2 20.3 8
192 1 66.5 25
192 2 33.6 24
193 1 28.8 11
193 2 47.7 8
194 1 13.2 7
194 2 12.1 6
195 1 19.2 12
195 2 35.2 12
196 1 52.7 9
196 2 39.1 6
197 1 37.8 15
197 2 14.4 15
198 1 58.5 9
198 2 42.0 10
199 1 58.0 6
199 2 50.0 8
200 1 54.4 9
200 2 42.5 9
201 1 44.1 26
201 2 67.5 27
202 1 22.0 8
202 2 28.0 8
203 1 39.0 11
203 2 58.5 13
204 1 14.4 9
204 2 23.4 10
205 1 30.4 6
205 2 30.4 5
206 1 113.6 12
206 2 110.4 14
207 1 15.2 8
207 2 11.4 6
208 1 21.0 11
208 2 19.6 10
209 1 49.5 16
209 2 16.5 14
210 1 54.6 15
210 2 60.2 14
211 1 13.6 9
211 2 8.8 6
212 1 16.0 8
212 2 26.5 11
213 1 24.3 7
213 2 20.7 10
214 1 14.4 7
214 2 19.2 6
215 1 7.7 9
215 2 20.3 7
216 1 51.7 10
216 2 14.3 8
217 1 23.4 9
217 2 30.0 10
218 1 19.8 8
218 2 25.2 9
219 1 51.0 7
219 2 39.0 8
220 1 18.7 6
220 2 17.0 5
221 1 7.0 6
221 2 15.0 8
222 1 43.4 9
222 2 89.6 10
223 1 181.5 22
223 2 139.5 20
224 1 19.6 9
224 2 16.8 7
225 1 48.0 13
225 2 60.0 10
226 1 28.8 9
226 2 25.2 8
227 1 25.2 6
227 2 25.2 6
228 1 27.2 8
228 2 16.0 7
229 1 9.0 6
229 2 25.5 7
230 1 18.9 8
230 2 14.7 5
231 1 35.2 6
231 2 11.2 7
232 1 18.0 7
232 2 40.5 9
233 1 20.3 8
233 2 7.7 8
234 1 11.0 10
234 2 18.7 7
235 1 45.6 9
235 2 27.6 7
236 1 13.8 8
236 2 7.2 9
237 1 15.0 8
237 2 28.5 7
238 1 74.0 9
238 2 22.0 11
239 1 4.8 8
239 2 7.2 7
240 1 13.0 8
240 2 12.0 6
241 1 28.7 8
241 2 20.3 8
242 1 66.5 25
242 2 33.6 24
243 1 28.8 11
243 2 47.7 8
244 1 13.2 7
244 2 12.1 6
245 1 19.2 12
245 2 35.2 12
246 1 52.7 9
246 2 39.1 6
247 1 37.8 15
247 2 14.4 15
248 1 58.5 9
248 2 42.0 10
249 1 58.0 6
249 2 50.0 8
250 1 54.4 9
250 2 42.5 9
251 1 44.1 26
251 2 67.5 27
252 1 22.0 8
252 2 28.0 8
253 1 39.0 11
253 2 58.5 13
254 1 14.4 9
254 2 23.4 10
255 1 30.4 6
255 2 30.4 5
256 1 113.6 12
256 2 110.4 14
257 1 15.2 8
257 2 11.4 6
258 1 21.0 11
258 2 19.6 10
259 1 49.5 16
259 2 16.5 14
260 1 54.6 15
260 2 60.2 14
261 1 13.6 9
261 2 8.8 6
262 1 16.0 8
262 2 26.5 11
263 1 24.3 7
263 2 20.7 10
264 1 14.4 7
264 2 19.2 6
265 1 7.7 9
265 2 20.3 7
266 1 51.7 10
266 2 14.3 8
267 1 23.4 9
267 2 30.0 10
268 1 19.8 8
268 2 25.2 9
269 1 51.0 7
269 2 39.0 8
270 1 18.7 6
270 2 17.0 5
271 1 7.0 6
271 2 15.0 8
272 1 43.4 9
272 2 89.6 10
273 1 181.5 22
273 2 139.5 20
274 1 19.6 9
274 2 16.8 7
275 1 48.0 13
275 2 60.0 10
276 1 28.8 9
276 2 25.2 8
277 1 25.2 6
277 2 25.2 6
278 1 27.2 8
278 2 16.0 7
279 1 9.0 6
279 2 25.5 7
280 1 18.9 8
280 2 14.7 5
281 1 35.2 6
281 2 11.2 7
282 1 18.0 7
282 2 40.5 9
283 1 20.3 8
283 2 7.7 8
284 1 11.0 10
284 2 18.7 7
285 1 45.6 9
285 2 27.6 7
286 1 13.8 8
286 2 7.2 9
287 1 15.0 8
287 2 28.5 7
288 1 74.0 9
288 2 22.0 11
289 1 4.8 8
289 2 7.2 7
290 1 13.0 8
290 2 12.0 6
291 1 28.7 8
291 2 20.3 8
292 1 66.5 25
292 2 33.6 24
293 1 28.8 11
293 2 47.7 8
294 1 13.2 7
294 2 12.1 6
295 1 19.2 12
295 2 35.2 12
296 1 52.7 9
296 2 39.1 6
297 1 37.8 15
297 2 14.4 15
298 1 58.5 9
298 2 42.0 10
299 1 58.0 6
299 2 50.0 8
300 1 54.4 9
300 2 42.5 9
301 1 44.1 26
301 2 67.5 27
302 1 22.0 8
302 2 28.0 8
303 1 39.0 11
303 2 58.5 13
304 1 14.4 9
304 2 23.4 10
305 1 30.4 6
305 2 30.4 5
306 1 113.6 12
306 2 110.4 14
307 1 15.2 8
307 2 11.4 6
308 1 21.0 11
308 2 19.6 10
309 1 49.5 16
309 2 16.5 14
310 1 54.6 15
310 2 60.2 14
311 1 13.6 9
311 2 8.8 6
312 1 16.0 8
312 2 26.5 11
313 1 24.3 7
313 2 20.7 10
314 1 14.4 7
314 2 19.2 6
315 1 7.7 9
315 2 20.3 7
316 1 51.7 10
316 2 14.3 8
317 1 23.4 9
317 2 30.0 10
318 1 19.8 8
318 2 25.2 9
319 1 51.0 7
319 2 39.0 8
320 1 18.7 6
320 2 17.0 5
321 1 7.0 6
321 2 15.0 8
322 1 43.4 9
322 2 89.6 10
323 1 181.5 22
323 2 139.5 20
324 1 19.6 9
324 2 16.8 7
325 1 48.0 13
325 2 60.0 10
326 1 28.8 9
326 2 25.2 8
327 1 25.2 6
327 2 25.2 6
328 1 27.2 8
328 2 16.0 7
329 1 9.0 6
329 2 25.5 7
330 1 18.9 8
330 2 14.7 5
331 1 35.2 6
331 2 11.2 7
332 1 18.0 7
332 2 40.5 9
333 1 20.3 8
333 2 7.7 8
334 1 11.0 10
334 2 18.7 7
335 1 45.6 9
335 2 27.6 7
336 1 13.8 8
336 2 7.2 9
337 1 15.0 8
337 2 28.5 7
338 1 74.0 9
338 2 22.0 11
339 1 4.8 8
339 2 7.2 7
340 1 13.0 8
340 2 12.0 6
341 1 28.7 8
341 2 20.3 8
342 1 66.5 25
342 2 33.6 24
343 1 28.8 11
343 2 47.7 8
344 1 13.2 7
344 2 12.1 6
345 1 19.2 12
345 2 35.2 12
346 1 52.7 9
346 2 39.1 6
347 1 37.8 15
347 2 14.4 15
348 1 58.5 9
348 2 42.0 10
349 1 58.0 6
349 2 50.0 8
350 1 54.4 9
350 2 42.5 9
351 1 44.1 26
351 2 67.5 27
352 1 22.0 8
352 2 28.0 8
353 1 39.0 11
353 2 58.5 13
354 1 14.4 9
354 2 23.4 10
355 1 30.4 6
355 2 30.4 5
356 1 113.6 12
356 2 110.4 14
357 1 15.2 8
357 2 11.4 6
358 1 21.0 11
358 2 19.6 10
359 1 49.5 16
359 2 16.5 14
360 1 54.6 15
360 2 60.2 14
361 1 13.6 9
361 2 8.8 6
362 1 16.0 8
362 2 26.5 11
363 1 24.3 7
363 2 20.7 10
364 1 14.4 7
364 2 19.2 6
365 1 7.7 9
365 2 20.3 7
366 1 51.7 10
366 2 14.3 8
367 1 23.4 9
367 2 30.0 10
368 1 19.8 8
368 2 25.2 9
369 1 51.0 7
369 2 39.0 8
370 1 18.7 6
370 2 17.0 5
371 1 7.0 6
371 2 15.0 8
372 1 43.4 9
372 2 89.6 10
373 1 181.5 22
373 2 139.5 20
374 1 19.6 9
374 2 16.8 7
375 1 48.0 13
375 2 60.0 10
376 1 28.8 9
376 2 25.2 8
377 1 25.2 6
377 2 25.2 6
378 1 27.2 8
378 2 16.0 7
379 1 9.0 6
379 2 25.5 7
380 1 18.9 8
380 2 14.7 5
381 1 35.2 6
381 2 11.2 7
382 1 18.0 7
382 2 40.5 9
383 1 20.3 8
383 2 7.7 8
384 1 11.0 10
384 2 18.7 7
385 1 45.6 9
385 2 27.6 7
386 1 13.8 8
386 2 7.2 9
387 1 15.0 8
387 2 28.5 7
388 1 74.0 9
388 2 22.0 11
389 1 4.8 8
389 2 7.2 7
390 1 13.0 8
390 2 12.0 6
391 1 28.7 8
391 2 20.3 8
392 1 66.5 25
392 2 33.6 24
393 1 28.8 11
393 2 47.7 8
394 1 13.2 7
394 2 12.1 6
395 1 19.2 12
395 2 35.2 12
396 1 52.7 9
396 2 39.1 6
397 1 37.8 15
397 2 14.4 15
398 1 58.5 9
398 2 42.0 10
399 1 58.0 6
399 2 50.0 8
400 1 54.4 9
400 2 42.5 9
1 262
2 47
3 123
4 27
5 79
6 218
7 32
8 63
9 42
10 270
11 38
12 91
13 76
14 83
15 48
16 78
17 183
18 215
19 151
20 73
21 36
22 244
23 213
24 75
25 185
26 43
27 30
28 106
29 27
30 102
31 30
32 110
33 57
34 23
35 42
36 59
37 50
38 23
39 29
40 91
41 181
42 266
43 239
44 77
45 50
46 34
47 34
48 52
49 142
50 45
51 262
52 47
53 123
54 27
55 79
56 218
57 32
58 63
59 42
60 270
61 38
62 91
63 76
64 83
65 48
66 78
67 183
68 215
69 151
70 73
71 36
72 244
73 213
74 75
75 185
76 43
77 30
78 106
79 27
80 102
81 30
82 110
83 57
84 23
85 42
86 59
87 50
88 23
89 29
90 91
91 181
92 266
93 239
94 77
95 50
96 34
97 34
98 52
99 142
100 45
101 262
102 47
103 123
104 27
105 79
106 218
107 32
108 63
109 42
110 270
111 38
112 91
113 76
114 83
115 48
116 78
117 183
118 215
119 151
120 73
121 36
122 244
123 213
124 75
125 185
126 43
127 30
128 106
129 27
130 102
131 30
132 110
133 57
134 23
135 42
136 59
137 50
138 23
139 29
140 91
141 181
142 266
143 239
144 77
145 50
146 34
147 34
148 52
149 142
150 45
151 262
152 47
153 123
154 27
155 79
156 218
157 32
158 63
159 42
160 270
161 38
162 91
163 76
164 83
165 48
166 78
167 183
168 215
169 151
170 73
171 36
172 244
173 213
174 75
175 185
176 43
177 30
178 106
179 27
180 102
181 30
182 110
183 57
184 23
185 42
186 59
187 50
188 23
189 29
190 91
191 181
192 266
193 239
194 77
195 50
196 34
197 34
198 52
199 142
200 45
201 262
202 47
203 123
204 27
205 79
206 218
207 32
208 63
209 42
210 270
211 38
212 91
213 76
214 83
215 48
216 78
217 183
218 215
219 151
220 73
221 36
222 244
223 213
224 75
225 185
226 43
227 30
228 106
229 27
230 102
231 30
232 110
233 57
234 23
235 42
236 59
237 50
238 23
239 29
240 91
241 181
242 266
243 239
244 77
245 50
246 34
247 34
248 52
249 142
250 45
251 262
252 47
253 123
254 27
255 79
256 218
257 32
258 63
259 42
260 270
261 38
262 91
263 76
264 83
265 48
266 78
267 183
268 215
269 151
270 73
271 36
272 244
273 213
274 75
275 185
276 43
277 30
278 106
279 27
280 102
281 30
282 110
283 57
284 23
285 42
286 59
287 50
288 23
289 29
290 91
291 181
292 266
293 239
294 77
295 50
296 34
297 34
298 52
299 142
300 45
301 262
302 47
303 123
304 27
305 79
306 218
307 32
308 63
309 42
310 270
311 38
312 91
313 76
314 83
315 48
316 78
317 183
318 215
319 151
320 73
321 36
322 244
323 213
324 75
325 185
326 43
327 30
328 106
329 27
330 102
331 30
332 110
333 57
334 23
335 42
336 59
337 50
338 23
339 29
340 91
341 181
342 266
343 239
344 77
345 50
346 34
347 34
348 52
349 142
350 45
351 262
352 47
353 123
354 27
355 79
356 218
357 32
358 63
359 42
360 270
361 38
362 91
363 76
364 83
365 48
366 78
367 183
368 215
369 151
370 73
371 36
372 244
373 213
374 75
375 185
376 43
377 30
378 106
379 27
380 102
381 30
382 110
383 57
384 23
385 42
386 59
387 50
388 23
389 29
390 91
391 181
392 266
393 239
394 77
395 50
396 34
397 34
398 52
399 142
400 45
