1000
2
3300
3300
1 1 46.1 28 261 0.177
1 2 69.5 29 261 0.266
2 1 24.0 10 46 0.522
2 2 30.0 10 46 0.652
3 1 41.0 13 122 0.336
3 2 60.5 15 122 0.496
4 1 16.4 11 26 0.631
4 2 25.4 12 26 0.977
5 1 32.4 8 78 0.415
5 2 32.4 7 78 0.415
6 1 115.6 14 217 0.533
6 2 112.4 16 217 0.518
7 1 17.2 10 31 0.555
7 2 13.4 8 31 0.432
8 1 23.0 13 62 0.371
8 2 21.6 12 62 0.348
9 1 51.5 18 41 1.256
9 2 18.5 16 41 0.451
10 1 56.6 17 269 0.210
10 2 62.2 16 269 0.231
11 1 15.6 11 37 0.422
11 2 10.8 8 37 0.292
12 1 18.0 10 90 0.200
12 2 28.5 13 90 0.317
13 1 26.3 9 75 0.351
13 2 22.7 12 75 0.303
14 1 16.4 9 82 0.200
14 2 21.2 8 82 0.259
15 1 9.7 11 47 0.206
15 2 22.3 9 47 0.474
16 1 53.7 12 77 0.697
16 2 16.3 10 77 0.212
17 1 25.4 11 182 0.140
17 2 32.0 12 182 0.176
18 1 21.8 10 214 0.102
18 2 27.2 11 214 0.127
19 1 53.0 9 150 0.353
19 2 41.0 10 150 0.273
20 1 20.7 8 72 0.287
20 2 19.0 7 72 0.264
21 1 9.0 8 35 0.257
21 2 17.0 10 35 0.486
22 1 45.4 11 243 0.187
22 2 91.6 12 243 0.377
23 1 183.5 24 212 0.866
23 2 141.5 22 212 0.667
24 1 21.6 11 74 0.292
24 2 18.8 9 74 0.254
25 1 50.0 15 184 0.272
25 2 62.0 12 184 0.337
26 1 30.8 11 42 0.733
26 2 27.2 10 42 0.648
27 1 27.2 8 29 0.938
27 2 27.2 8 29 0.938
28 1 29.2 10 105 0.278
28 2 18.0 9 105 0.171
29 1 11.0 8 26 0.423
29 2 27.5 9 26 1.058
30 1 20.9 10 101 0.207
30 2 16.7 7 101 0.165
31 1 37.2 8 29 1.283
31 2 13.2 9 29 0.455
32 1 20.0 9 109 0.183
32 2 42.5 11 109 0.390
33 1 22.3 10 56 0.398
33 2 9.7 10 56 0.173
34 1 13.0 12 22 0.591
34 2 20.7 9 22 0.941
35 1 47.6 11 41 1.161
35 2 29.6 9 41 0.722
36 1 15.8 10 58 0.272
36 2 9.2 11 58 0.159
37 1 17.0 10 49 0.347
37 2 30.5 9 49 0.622
38 1 76.0 11 22 3.455
38 2 24.0 13 22 1.091
39 1 6.8 10 28 0.243
39 2 9.2 9 28 0.329
40 1 15.0 10 90 0.167
40 2 14.0 8 90 0.156
41 1 30.7 10 180 0.171
41 2 22.3 10 180 0.124
42 1 68.5 27 265 0.258
42 2 35.6 26 265 0.134
43 1 30.8 13 238 0.129
43 2 49.7 10 238 0.209
44 1 15.2 9 76 0.200
44 2 14.1 8 76 0.186
45 1 21.2 14 49 0.433
45 2 37.2 14 49 0.759
46 1 54.7 11 33 1.658
46 2 41.1 8 33 1.245
47 1 39.8 17 33 1.206
47 2 16.4 17 33 0.497
48 1 60.5 11 51 1.186
48 2 44.0 12 51 0.863
49 1 60.0 8 141 0.426
49 2 52.0 10 141 0.369
50 1 56.4 11 44 1.282
50 2 44.5 11 44 1.011
51 1 46.1 28 261 0.177
51 2 69.5 29 261 0.266
52 1 24.0 10 46 0.522
52 2 30.0 10 46 0.652
53 1 41.0 13 122 0.336
53 2 60.5 15 122 0.496
54 1 16.4 11 26 0.631
54 2 25.4 12 26 0.977
55 1 32.4 8 78 0.415
55 2 32.4 7 78 0.415
56 1 115.6 14 217 0.533
56 2 112.4 16 217 0.518
57 1 17.2 10 31 0.555
57 2 13.4 8 31 0.432
58 1 23.0 13 62 0.371
58 2 21.6 12 62 0.348
59 1 51.5 18 41 1.256
59 2 18.5 16 41 0.451
60 1 56.6 17 269 0.210
60 2 62.2 16 269 0.231
61 1 15.6 11 37 0.422
61 2 10.8 8 37 0.292
62 1 18.0 10 90 0.200
62 2 28.5 13 90 0.317
63 1 26.3 9 75 0.351
63 2 22.7 12 75 0.303
64 1 16.4 9 82 0.200
64 2 21.2 8 82 0.259
65 1 9.7 11 47 0.206
65 2 22.3 9 47 0.474
66 1 53.7 12 77 0.697
66 2 16.3 10 77 0.212
67 1 25.4 11 182 0.140
67 2 32.0 12 182 0.176
68 1 21.8 10 214 0.102
68 2 27.2 11 214 0.127
69 1 53.0 9 150 0.353
69 2 41.0 10 150 0.273
70 1 20.7 8 72 0.287
70 2 19.0 7 72 0.264
71 1 9.0 8 35 0.257
71 2 17.0 10 35 0.486
72 1 45.4 11 243 0.187
72 2 91.6 12 243 0.377
73 1 183.5 24 212 0.866
73 2 141.5 22 212 0.667
74 1 21.6 11 74 0.292
74 2 18.8 9 74 0.254
75 1 50.0 15 184 0.272
75 2 62.0 12 184 0.337
76 1 30.8 11 42 0.733
76 2 27.2 10 42 0.648
77 1 27.2 8 29 0.938
77 2 27.2 8 29 0.938
78 1 29.2 10 105 0.278
78 2 18.0 9 105 0.171
79 1 11.0 8 26 0.423
79 2 27.5 9 26 1.058
80 1 20.9 10 101 0.207
80 2 16.7 7 101 0.165
81 1 37.2 8 29 1.283
81 2 13.2 9 29 0.455
82 1 20.0 9 109 0.183
82 2 42.5 11 109 0.390
83 1 22.3 10 56 0.398
83 2 9.7 10 56 0.173
84 1 13.0 12 22 0.591
84 2 20.7 9 22 0.941
85 1 47.6 11 41 1.161
85 2 29.6 9 41 0.722
86 1 15.8 10 58 0.272
86 2 9.2 11 58 0.159
87 1 17.0 10 49 0.347
87 2 30.5 9 49 0.622
88 1 76.0 11 22 3.455
88 2 24.0 13 22 1.091
89 1 6.8 10 28 0.243
89 2 9.2 9 28 0.329
90 1 15.0 10 90 0.167
90 2 14.0 8 90 0.156
91 1 30.7 10 180 0.171
91 2 22.3 10 180 0.124
92 1 68.5 27 265 0.258
92 2 35.6 26 265 0.134
93 1 30.8 13 238 0.129
93 2 49.7 10 238 0.209
94 1 15.2 9 76 0.200
94 2 14.1 8 76 0.186
95 1 21.2 14 49 0.433
95 2 37.2 14 49 0.759
96 1 54.7 11 33 1.658
96 2 41.1 8 33 1.245
97 1 39.8 17 33 1.206
97 2 16.4 17 33 0.497
98 1 60.5 11 51 1.186
98 2 44.0 12 51 0.863
99 1 60.0 8 141 0.426
99 2 52.0 10 141 0.369
100 1 56.4 11 44 1.282
100 2 44.5 11 44 1.011
101 1 46.1 28 261 0.177
101 2 69.5 29 261 0.266
102 1 24.0 10 46 0.522
102 2 30.0 10 46 0.652
103 1 41.0 13 122 0.336
103 2 60.5 15 122 0.496
104 1 16.4 11 26 0.631
104 2 25.4 12 26 0.977
105 1 32.4 8 78 0.415
105 2 32.4 7 78 0.415
106 1 115.6 14 217 0.533
106 2 112.4 16 217 0.518
107 1 17.2 10 31 0.555
107 2 13.4 8 31 0.432
108 1 23.0 13 62 0.371
108 2 21.6 12 62 0.348
109 1 51.5 18 41 1.256
109 2 18.5 16 41 0.451
110 1 56.6 17 269 0.210
110 2 62.2 16 269 0.231
111 1 15.6 11 37 0.422
111 2 10.8 8 37 0.292
112 1 18.0 10 90 0.200
112 2 28.5 13 90 0.317
113 1 26.3 9 75 0.351
113 2 22.7 12 75 0.303
114 1 16.4 9 82 0.200
114 2 21.2 8 82 0.259
115 1 9.7 11 47 0.206
115 2 22.3 9 47 0.474
116 1 53.7 12 77 0.697
116 2 16.3 10 77 0.212
117 1 25.4 11 182 0.140
117 2 32.0 12 182 0.176
118 1 21.8 10 214 0.102
118 2 27.2 11 214 0.127
119 1 53.0 9 150 0.353
119 2 41.0 10 150 0.273
120 1 20.7 8 72 0.287
120 2 19.0 7 72 0.264
121 1 9.0 8 35 0.257
121 2 17.0 10 35 0.486
122 1 45.4 11 243 0.187
122 2 91.6 12 243 0.377
123 1 183.5 24 212 0.866
123 2 141.5 22 212 0.667
124 1 21.6 11 74 0.292
124 2 18.8 9 74 0.254
125 1 50.0 15 184 0.272
125 2 62.0 12 184 0.337
126 1 30.8 11 42 0.733
126 2 27.2 10 42 0.648
127 1 27.2 8 29 0.938
127 2 27.2 8 29 0.938
128 1 29.2 10 105 0.278
128 2 18.0 9 105 0.171
129 1 11.0 8 26 0.423
129 2 27.5 9 26 1.058
130 1 20.9 10 101 0.207
130 2 16.7 7 101 0.165
131 1 37.2 8 29 1.283
131 2 13.2 9 29 0.455
132 1 20.0 9 109 0.183
132 2 42.5 11 109 0.390
133 1 22.3 10 56 0.398
133 2 9.7 10 56 0.173
134 1 13.0 12 22 0.591
134 2 20.7 9 22 0.941
135 1 47.6 11 41 1.161
135 2 29.6 9 41 0.722
136 1 15.8 10 58 0.272
136 2 9.2 11 58 0.159
137 1 17.0 10 49 0.347
137 2 30.5 9 49 0.622
138 1 76.0 11 22 3.455
138 2 24.0 13 22 1.091
139 1 6.8 10 28 0.243
139 2 9.2 9 28 0.329
140 1 15.0 10 90 0.167
140 2 14.0 8 90 0.156
141 1 30.7 10 180 0.171
141 2 22.3 10 180 0.124
142 1 68.5 27 265 0.258
142 2 35.6 26 265 0.134
143 1 30.8 13 238 0.129
143 2 49.7 10 238 0.209
144 1 15.2 9 76 0.200
144 2 14.1 8 76 0.186
145 1 21.2 14 49 0.433
145 2 37.2 14 49 0.759
146 1 54.7 11 33 1.658
146 2 41.1 8 33 1.245
147 1 39.8 17 33 1.206
147 2 16.4 17 33 0.497
148 1 60.5 11 51 1.186
148 2 44.0 12 51 0.863
149 1 60.0 8 141 0.426
149 2 52.0 10 141 0.369
150 1 56.4 11 44 1.282
150 2 44.5 11 44 1.011
151 1 46.1 28 261 0.177
151 2 69.5 29 261 0.266
152 1 24.0 10 46 0.522
152 2 30.0 10 46 0.652
153 1 41.0 13 122 0.336
153 2 60.5 15 122 0.496
154 1 16.4 11 26 0.631
154 2 25.4 12 26 0.977
155 1 32.4 8 78 0.415
155 2 32.4 7 78 0.415
156 1 115.6 14 217 0.533
156 2 112.4 16 217 0.518
157 1 17.2 10 31 0.555
157 2 13.4 8 31 0.432
158 1 23.0 13 62 0.371
158 2 21.6 12 62 0.348
159 1 51.5 18 41 1.256
159 2 18.5 16 41 0.451
160 1 56.6 17 269 0.210
160 2 62.2 16 269 0.231
161 1 15.6 11 37 0.422
161 2 10.8 8 37 0.292
162 1 18.0 10 90 0.200
162 2 28.5 13 90 0.317
163 1 26.3 9 75 0.351
163 2 22.7 12 75 0.303
164 1 16.4 9 82 0.200
164 2 21.2 8 82 0.259
165 1 9.7 11 47 0.206
165 2 22.3 9 47 0.474
166 1 53.7 12 77 0.697
166 2 16.3 10 77 0.212
167 1 25.4 11 182 0.140
167 2 32.0 12 182 0.176
168 1 21.8 10 214 0.102
168 2 27.2 11 214 0.127
169 1 53.0 9 150 0.353
169 2 41.0 10 150 0.273
170 1 20.7 8 72 0.287
170 2 19.0 7 72 0.264
171 1 9.0 8 35 0.257
171 2 17.0 10 35 0.486
172 1 45.4 11 243 0.187
172 2 91.6 12 243 0.377
173 1 183.5 24 212 0.866
173 2 141.5 22 212 0.667
174 1 21.6 11 74 0.292
174 2 18.8 9 74 0.254
175 1 50.0 15 184 0.272
175 2 62.0 12 184 0.337
176 1 30.8 11 42 0.733
176 2 27.2 10 42 0.648
177 1 27.2 8 29 0.938
177 2 27.2 8 29 0.938
178 1 29.2 10 105 0.278
178 2 18.0 9 105 0.171
179 1 11.0 8 26 0.423
179 2 27.5 9 26 1.058
180 1 20.9 10 101 0.207
180 2 16.7 7 101 0.165
181 1 37.2 8 29 1.283
181 2 13.2 9 29 0.455
182 1 20.0 9 109 0.183
182 2 42.5 11 109 0.390
183 1 22.3 10 56 0.398
183 2 9.7 10 56 0.173
184 1 13.0 12 22 0.591
184 2 20.7 9 22 0.941
185 1 47.6 11 41 1.161
185 2 29.6 9 41 0.722
186 1 15.8 10 58 0.272
186 2 9.2 11 58 0.159
187 1 17.0 10 49 0.347
187 2 30.5 9 49 0.622
188 1 76.0 11 22 3.455
188 2 24.0 13 22 1.091
189 1 6.8 10 28 0.243
189 2 9.2 9 28 0.329
190 1 15.0 10 90 0.167
190 2 14.0 8 90 0.156
191 1 30.7 10 180 0.171
191 2 22.3 10 180 0.124
192 1 68.5 27 265 0.258
192 2 35.6 26 265 0.134
193 1 30.8 13 238 0.129
193 2 49.7 10 238 0.209
194 1 15.2 9 76 0.200
194 2 14.1 8 76 0.186
195 1 21.2 14 49 0.433
195 2 37.2 14 49 0.759
196 1 54.7 11 33 1.658
196 2 41.1 8 33 1.245
197 1 39.8 17 33 1.206
197 2 16.4 17 33 0.497
198 1 60.5 11 51 1.186
198 2 44.0 12 51 0.863
199 1 60.0 8 141 0.426
199 2 52.0 10 141 0.369
200 1 56.4 11 44 1.282
200 2 44.5 11 44 1.011
201 1 46.1 28 261 0.177
201 2 69.5 29 261 0.266
202 1 24.0 10 46 0.522
202 2 30.0 10 46 0.652
203 1 41.0 13 122 0.336
203 2 60.5 15 122 0.496
204 1 16.4 11 26 0.631
204 2 25.4 12 26 0.977
205 1 32.4 8 78 0.415
205 2 32.4 7 78 0.415
206 1 115.6 14 217 0.533
206 2 112.4 16 217 0.518
207 1 17.2 10 31 0.555
207 2 13.4 8 31 0.432
208 1 23.0 13 62 0.371
208 2 21.6 12 62 0.348
209 1 51.5 18 41 1.256
209 2 18.5 16 41 0.451
210 1 56.6 17 269 0.210
210 2 62.2 16 269 0.231
211 1 15.6 11 37 0.422
211 2 10.8 8 37 0.292
212 1 18.0 10 90 0.200
212 2 28.5 13 90 0.317
213 1 26.3 9 75 0.351
213 2 22.7 12 75 0.303
214 1 16.4 9 82 0.200
214 2 21.2 8 82 0.259
215 1 9.7 11 47 0.206
215 2 22.3 9 47 0.474
216 1 53.7 12 77 0.697
216 2 16.3 10 77 0.212
217 1 25.4 11 182 0.140
217 2 32.0 12 182 0.176
218 1 21.8 10 214 0.102
218 2 27.2 11 214 0.127
219 1 53.0 9 150 0.353
219 2 41.0 10 150 0.273
220 1 20.7 8 72 0.287
220 2 19.0 7 72 0.264
221 1 9.0 8 35 0.257
221 2 17.0 10 35 0.486
222 1 45.4 11 243 0.187
222 2 91.6 12 243 0.377
223 1 183.5 24 212 0.866
223 2 141.5 22 212 0.667
224 1 21.6 11 74 0.292
224 2 18.8 9 74 0.254
225 1 50.0 15 184 0.272
225 2 62.0 12 184 0.337
226 1 30.8 11 42 0.733
226 2 27.2 10 42 0.648
227 1 27.2 8 29 0.938
227 2 27.2 8 29 0.938
228 1 29.2 10 105 0.278
228 2 18.0 9 105 0.171
229 1 11.0 8 26 0.423
229 2 27.5 9 26 1.058
230 1 20.9 10 101 0.207
230 2 16.7 7 101 0.165
231 1 37.2 8 29 1.283
231 2 13.2 9 29 0.455
232 1 20.0 9 109 0.183
232 2 42.5 11 109 0.390
233 1 22.3 10 56 0.398
233 2 9.7 10 56 0.173
234 1 13.0 12 22 0.591
234 2 20.7 9 22 0.941
235 1 47.6 11 41 1.161
235 2 29.6 9 41 0.722
236 1 15.8 10 58 0.272
236 2 9.2 11 58 0.159
237 1 17.0 10 49 0.347
237 2 30.5 9 49 0.622
238 1 76.0 11 22 3.455
238 2 24.0 13 22 1.091
239 1 6.8 10 28 0.243
239 2 9.2 9 28 0.329
240 1 15.0 10 90 0.167
240 2 14.0 8 90 0.156
241 1 30.7 10 180 0.171
241 2 22.3 10 180 0.124
242 1 68.5 27 265 0.258
242 2 35.6 26 265 0.134
243 1 30.8 13 238 0.129
243 2 49.7 10 238 0.209
244 1 15.2 9 76 0.200
244 2 14.1 8 76 0.186
245 1 21.2 14 49 0.433
245 2 37.2 14 49 0.759
246 1 54.7 11 33 1.658
246 2 41.1 8 33 1.245
247 1 39.8 17 33 1.206
247 2 16.4 17 33 0.497
248 1 60.5 11 51 1.186
248 2 44.0 12 51 0.863
249 1 60.0 8 141 0.426
249 2 52.0 10 141 0.369
250 1 56.4 11 44 1.282
250 2 44.5 11 44 1.011
251 1 46.1 28 261 0.177
251 2 69.5 29 261 0.266
252 1 24.0 10 46 0.522
252 2 30.0 10 46 0.652
253 1 41.0 13 122 0.336
253 2 60.5 15 122 0.496
254 1 16.4 11 26 0.631
254 2 25.4 12 26 0.977
255 1 32.4 8 78 0.415
255 2 32.4 7 78 0.415
256 1 115.6 14 217 0.533
256 2 112.4 16 217 0.518
257 1 17.2 10 31 0.555
257 2 13.4 8 31 0.432
258 1 23.0 13 62 0.371
258 2 21.6 12 62 0.348
259 1 51.5 18 41 1.256
259 2 18.5 16 41 0.451
260 1 56.6 17 269 0.210
260 2 62.2 16 269 0.231
261 1 15.6 11 37 0.422
261 2 10.8 8 37 0.292
262 1 18.0 10 90 0.200
262 2 28.5 13 90 0.317
263 1 26.3 9 75 0.351
263 2 22.7 12 75 0.303
264 1 16.4 9 82 0.200
264 2 21.2 8 82 0.259
265 1 9.7 11 47 0.206
265 2 22.3 9 47 0.474
266 1 53.7 12 77 0.697
266 2 16.3 10 77 0.212
267 1 25.4 11 182 0.140
267 2 32.0 12 182 0.176
268 1 21.8 10 214 0.102
268 2 27.2 11 214 0.127
269 1 53.0 9 150 0.353
269 2 41.0 10 150 0.273
270 1 20.7 8 72 0.287
270 2 19.0 7 72 0.264
271 1 9.0 8 35 0.257
271 2 17.0 10 35 0.486
272 1 45.4 11 243 0.187
272 2 91.6 12 243 0.377
273 1 183.5 24 212 0.866
273 2 141.5 22 212 0.667
274 1 21.6 11 74 0.292
274 2 18.8 9 74 0.254
275 1 50.0 15 184 0.272
275 2 62.0 12 184 0.337
276 1 30.8 11 42 0.733
276 2 27.2 10 42 0.648
277 1 27.2 8 29 0.938
277 2 27.2 8 29 0.938
278 1 29.2 10 105 0.278
278 2 18.0 9 105 0.171
279 1 11.0 8 26 0.423
279 2 27.5 9 26 1.058
280 1 20.9 10 101 0.207
280 2 16.7 7 101 0.165
281 1 37.2 8 29 1.283
281 2 13.2 9 29 0.455
282 1 20.0 9 109 0.183
282 2 42.5 11 109 0.390
283 1 22.3 10 56 0.398
283 2 9.7 10 56 0.173
284 1 13.0 12 22 0.591
284 2 20.7 9 22 0.941
285 1 47.6 11 41 1.161
285 2 29.6 9 41 0.722
286 1 15.8 10 58 0.272
286 2 9.2 11 58 0.159
287 1 17.0 10 49 0.347
287 2 30.5 9 49 0.622
288 1 76.0 11 22 3.455
288 2 24.0 13 22 1.091
289 1 6.8 10 28 0.243
289 2 9.2 9 28 0.329
290 1 15.0 10 90 0.167
290 2 14.0 8 90 0.156
291 1 30.7 10 180 0.171
291 2 22.3 10 180 0.124
292 1 68.5 27 265 0.258
292 2 35.6 26 265 0.134
293 1 30.8 13 238 0.129
293 2 49.7 10 238 0.209
294 1 15.2 9 76 0.200
294 2 14.1 8 76 0.186
295 1 21.2 14 49 0.433
295 2 37.2 14 49 0.759
296 1 54.7 11 33 1.658
296 2 41.1 8 33 1.245
297 1 39.8 17 33 1.206
297 2 16.4 17 33 0.497
298 1 60.5 11 51 1.186
298 2 44.0 12 51 0.863
299 1 60.0 8 141 0.426
299 2 52.0 10 141 0.369
300 1 56.4 11 44 1.282
300 2 44.5 11 44 1.011
301 1 46.1 28 261 0.177
301 2 69.5 29 261 0.266
302 1 24.0 10 46 0.522
302 2 30.0 10 46 0.652
303 1 41.0 13 122 0.336
303 2 60.5 15 122 0.496
304 1 16.4 11 26 0.631
304 2 25.4 12 26 0.977
305 1 32.4 8 78 0.415
305 2 32.4 7 78 0.415
306 1 115.6 14 217 0.533
306 2 112.4 16 217 0.518
307 1 17.2 10 31 0.555
307 2 13.4 8 31 0.432
308 1 23.0 13 62 0.371
308 2 21.6 12 62 0.348
309 1 51.5 18 41 1.256
309 2 18.5 16 41 0.451
310 1 56.6 17 269 0.210
310 2 62.2 16 269 0.231
311 1 15.6 11 37 0.422
311 2 10.8 8 37 0.292
312 1 18.0 10 90 0.200
312 2 28.5 13 90 0.317
313 1 26.3 9 75 0.351
313 2 22.7 12 75 0.303
314 1 16.4 9 82 0.200
314 2 21.2 8 82 0.259
315 1 9.7 11 47 0.206
315 2 22.3 9 47 0.474
316 1 53.7 12 77 0.697
316 2 16.3 10 77 0.212
317 1 25.4 11 182 0.140
317 2 32.0 12 182 0.176
318 1 21.8 10 214 0.102
318 2 27.2 11 214 0.127
319 1 53.0 9 150 0.353
319 2 41.0 10 150 0.273
320 1 20.7 8 72 0.287
320 2 19.0 7 72 0.264
321 1 9.0 8 35 0.257
321 2 17.0 10 35 0.486
322 1 45.4 11 243 0.187
322 2 91.6 12 243 0.377
323 1 183.5 24 212 0.866
323 2 141.5 22 212 0.667
324 1 21.6 11 74 0.292
324 2 18.8 9 74 0.254
325 1 50.0 15 184 0.272
325 2 62.0 12 184 0.337
326 1 30.8 11 42 0.733
326 2 27.2 10 42 0.648
327 1 27.2 8 29 0.938
327 2 27.2 8 29 0.938
328 1 29.2 10 105 0.278
328 2 18.0 9 105 0.171
329 1 11.0 8 26 0.423
329 2 27.5 9 26 1.058
330 1 20.9 10 101 0.207
330 2 16.7 7 101 0.165
331 1 37.2 8 29 1.283
331 2 13.2 9 29 0.455
332 1 20.0 9 109 0.183
332 2 42.5 11 109 0.390
333 1 22.3 10 56 0.398
333 2 9.7 10 56 0.173
334 1 13.0 12 22 0.591
334 2 20.7 9 22 0.941
335 1 47.6 11 41 1.161
335 2 29.6 9 41 0.722
336 1 15.8 10 58 0.272
336 2 9.2 11 58 0.159
337 1 17.0 10 49 0.347
337 2 30.5 9 49 0.622
338 1 76.0 11 22 3.455
338 2 24.0 13 22 1.091
339 1 6.8 10 28 0.243
339 2 9.2 9 28 0.329
340 1 15.0 10 90 0.167
340 2 14.0 8 90 0.156
341 1 30.7 10 180 0.171
341 2 22.3 10 180 0.124
342 1 68.5 27 265 0.258
342 2 35.6 26 265 0.134
343 1 30.8 13 238 0.129
343 2 49.7 10 238 0.209
344 1 15.2 9 76 0.200
344 2 14.1 8 76 0.186
345 1 21.2 14 49 0.433
345 2 37.2 14 49 0.759
346 1 54.7 11 33 1.658
346 2 41.1 8 33 1.245
347 1 39.8 17 33 1.206
347 2 16.4 17 33 0.497
348 1 60.5 11 51 1.186
348 2 44.0 12 51 0.863
349 1 60.0 8 141 0.426
349 2 52.0 10 141 0.369
350 1 56.4 11 44 1.282
350 2 44.5 11 44 1.011
351 1 46.1 28 261 0.177
351 2 69.5 29 261 0.266
352 1 24.0 10 46 0.522
352 2 30.0 10 46 0.652
353 1 41.0 13 122 0.336
353 2 60.5 15 122 0.496
354 1 16.4 11 26 0.631
354 2 25.4 12 26 0.977
355 1 32.4 8 78 0.415
355 2 32.4 7 78 0.415
356 1 115.6 14 217 0.533
356 2 112.4 16 217 0.518
357 1 17.2 10 31 0.555
357 2 13.4 8 31 0.432
358 1 23.0 13 62 0.371
358 2 21.6 12 62 0.348
359 1 51.5 18 41 1.256
359 2 18.5 16 41 0.451
360 1 56.6 17 269 0.210
360 2 62.2 16 269 0.231
361 1 15.6 11 37 0.422
361 2 10.8 8 37 0.292
362 1 18.0 10 90 0.200
362 2 28.5 13 90 0.317
363 1 26.3 9 75 0.351
363 2 22.7 12 75 0.303
364 1 16.4 9 82 0.200
364 2 21.2 8 82 0.259
365 1 9.7 11 47 0.206
365 2 22.3 9 47 0.474
366 1 53.7 12 77 0.697
366 2 16.3 10 77 0.212
367 1 25.4 11 182 0.140
367 2 32.0 12 182 0.176
368 1 21.8 10 214 0.102
368 2 27.2 11 214 0.127
369 1 53.0 9 150 0.353
369 2 41.0 10 150 0.273
370 1 20.7 8 72 0.287
370 2 19.0 7 72 0.264
371 1 9.0 8 35 0.257
371 2 17.0 10 35 0.486
372 1 45.4 11 243 0.187
372 2 91.6 12 243 0.377
373 1 183.5 24 212 0.866
373 2 141.5 22 212 0.667
374 1 21.6 11 74 0.292
374 2 18.8 9 74 0.254
375 1 50.0 15 184 0.272
375 2 62.0 12 184 0.337
376 1 30.8 11 42 0.733
376 2 27.2 10 42 0.648
377 1 27.2 8 29 0.938
377 2 27.2 8 29 0.938
378 1 29.2 10 105 0.278
378 2 18.0 9 105 0.171
379 1 11.0 8 26 0.423
379 2 27.5 9 26 1.058
380 1 20.9 10 101 0.207
380 2 16.7 7 101 0.165
381 1 37.2 8 29 1.283
381 2 13.2 9 29 0.455
382 1 20.0 9 109 0.183
382 2 42.5 11 109 0.390
383 1 22.3 10 56 0.398
383 2 9.7 10 56 0.173
384 1 13.0 12 22 0.591
384 2 20.7 9 22 0.941
385 1 47.6 11 41 1.161
385 2 29.6 9 41 0.722
386 1 15.8 10 58 0.272
386 2 9.2 11 58 0.159
387 1 17.0 10 49 0.347
387 2 30.5 9 49 0.622
388 1 76.0 11 22 3.455
388 2 24.0 13 22 1.091
389 1 6.8 10 28 0.243
389 2 9.2 9 28 0.329
390 1 15.0 10 90 0.167
390 2 14.0 8 90 0.156
391 1 30.7 10 180 0.171
391 2 22.3 10 180 0.124
392 1 68.5 27 265 0.258
392 2 35.6 26 265 0.134
393 1 30.8 13 238 0.129
393 2 49.7 10 238 0.209
394 1 15.2 9 76 0.200
394 2 14.1 8 76 0.186
395 1 21.2 14 49 0.433
395 2 37.2 14 49 0.759
396 1 54.7 11 33 1.658
396 2 41.1 8 33 1.245
397 1 39.8 17 33 1.206
397 2 16.4 17 33 0.497
398 1 60.5 11 51 1.186
398 2 44.0 12 51 0.863
399 1 60.0 8 141 0.426
399 2 52.0 10 141 0.369
400 1 56.4 11 44 1.282
400 2 44.5 11 44 1.011
401 1 46.1 28 261 0.177
401 2 69.5 29 261 0.266
402 1 24.0 10 46 0.522
402 2 30.0 10 46 0.652
403 1 41.0 13 122 0.336
403 2 60.5 15 122 0.496
404 1 16.4 11 26 0.631
404 2 25.4 12 26 0.977
405 1 32.4 8 78 0.415
405 2 32.4 7 78 0.415
406 1 115.6 14 217 0.533
406 2 112.4 16 217 0.518
407 1 17.2 10 31 0.555
407 2 13.4 8 31 0.432
408 1 23.0 13 62 0.371
408 2 21.6 12 62 0.348
409 1 51.5 18 41 1.256
409 2 18.5 16 41 0.451
410 1 56.6 17 269 0.210
410 2 62.2 16 269 0.231
411 1 15.6 11 37 0.422
411 2 10.8 8 37 0.292
412 1 18.0 10 90 0.200
412 2 28.5 13 90 0.317
413 1 26.3 9 75 0.351
413 2 22.7 12 75 0.303
414 1 16.4 9 82 0.200
414 2 21.2 8 82 0.259
415 1 9.7 11 47 0.206
415 2 22.3 9 47 0.474
416 1 53.7 12 77 0.697
416 2 16.3 10 77 0.212
417 1 25.4 11 182 0.140
417 2 32.0 12 182 0.176
418 1 21.8 10 214 0.102
418 2 27.2 11 214 0.127
419 1 53.0 9 150 0.353
419 2 41.0 10 150 0.273
420 1 20.7 8 72 0.287
420 2 19.0 7 72 0.264
421 1 9.0 8 35 0.257
421 2 17.0 10 35 0.486
422 1 45.4 11 243 0.187
422 2 91.6 12 243 0.377
423 1 183.5 24 212 0.866
423 2 141.5 22 212 0.667
424 1 21.6 11 74 0.292
424 2 18.8 9 74 0.254
425 1 50.0 15 184 0.272
425 2 62.0 12 184 0.337
426 1 30.8 11 42 0.733
426 2 27.2 10 42 0.648
427 1 27.2 8 29 0.938
427 2 27.2 8 29 0.938
428 1 29.2 10 105 0.278
428 2 18.0 9 105 0.171
429 1 11.0 8 26 0.423
429 2 27.5 9 26 1.058
430 1 20.9 10 101 0.207
430 2 16.7 7 101 0.165
431 1 37.2 8 29 1.283
431 2 13.2 9 29 0.455
432 1 20.0 9 109 0.183
432 2 42.5 11 109 0.390
433 1 22.3 10 56 0.398
433 2 9.7 10 56 0.173
434 1 13.0 12 22 0.591
434 2 20.7 9 22 0.941
435 1 47.6 11 41 1.161
435 2 29.6 9 41 0.722
436 1 15.8 10 58 0.272
436 2 9.2 11 58 0.159
437 1 17.0 10 49 0.347
437 2 30.5 9 49 0.622
438 1 76.0 11 22 3.455
438 2 24.0 13 22 1.091
439 1 6.8 10 28 0.243
439 2 9.2 9 28 0.329
440 1 15.0 10 90 0.167
440 2 14.0 8 90 0.156
441 1 30.7 10 180 0.171
441 2 22.3 10 180 0.124
442 1 68.5 27 265 0.258
442 2 35.6 26 265 0.134
443 1 30.8 13 238 0.129
443 2 49.7 10 238 0.209
444 1 15.2 9 76 0.200
444 2 14.1 8 76 0.186
445 1 21.2 14 49 0.433
445 2 37.2 14 49 0.759
446 1 54.7 11 33 1.658
446 2 41.1 8 33 1.245
447 1 39.8 17 33 1.206
447 2 16.4 17 33 0.497
448 1 60.5 11 51 1.186
448 2 44.0 12 51 0.863
449 1 60.0 8 141 0.426
449 2 52.0 10 141 0.369
450 1 56.4 11 44 1.282
450 2 44.5 11 44 1.011
451 1 46.1 28 261 0.177
451 2 69.5 29 261 0.266
452 1 24.0 10 46 0.522
452 2 30.0 10 46 0.652
453 1 41.0 13 122 0.336
453 2 60.5 15 122 0.496
454 1 16.4 11 26 0.631
454 2 25.4 12 26 0.977
455 1 32.4 8 78 0.415
455 2 32.4 7 78 0.415
456 1 115.6 14 217 0.533
456 2 112.4 16 217 0.518
457 1 17.2 10 31 0.555
457 2 13.4 8 31 0.432
458 1 23.0 13 62 0.371
458 2 21.6 12 62 0.348
459 1 51.5 18 41 1.256
459 2 18.5 16 41 0.451
460 1 56.6 17 269 0.210
460 2 62.2 16 269 0.231
461 1 15.6 11 37 0.422
461 2 10.8 8 37 0.292
462 1 18.0 10 90 0.200
462 2 28.5 13 90 0.317
463 1 26.3 9 75 0.351
463 2 22.7 12 75 0.303
464 1 16.4 9 82 0.200
464 2 21.2 8 82 0.259
465 1 9.7 11 47 0.206
465 2 22.3 9 47 0.474
466 1 53.7 12 77 0.697
466 2 16.3 10 77 0.212
467 1 25.4 11 182 0.140
467 2 32.0 12 182 0.176
468 1 21.8 10 214 0.102
468 2 27.2 11 214 0.127
469 1 53.0 9 150 0.353
469 2 41.0 10 150 0.273
470 1 20.7 8 72 0.287
470 2 19.0 7 72 0.264
471 1 9.0 8 35 0.257
471 2 17.0 10 35 0.486
472 1 45.4 11 243 0.187
472 2 91.6 12 243 0.377
473 1 183.5 24 212 0.866
473 2 141.5 22 212 0.667
474 1 21.6 11 74 0.292
474 2 18.8 9 74 0.254
475 1 50.0 15 184 0.272
475 2 62.0 12 184 0.337
476 1 30.8 11 42 0.733
476 2 27.2 10 42 0.648
477 1 27.2 8 29 0.938
477 2 27.2 8 29 0.938
478 1 29.2 10 105 0.278
478 2 18.0 9 105 0.171
479 1 11.0 8 26 0.423
479 2 27.5 9 26 1.058
480 1 20.9 10 101 0.207
480 2 16.7 7 101 0.165
481 1 37.2 8 29 1.283
481 2 13.2 9 29 0.455
482 1 20.0 9 109 0.183
482 2 42.5 11 109 0.390
483 1 22.3 10 56 0.398
483 2 9.7 10 56 0.173
484 1 13.0 12 22 0.591
484 2 20.7 9 22 0.941
485 1 47.6 11 41 1.161
485 2 29.6 9 41 0.722
486 1 15.8 10 58 0.272
486 2 9.2 11 58 0.159
487 1 17.0 10 49 0.347
487 2 30.5 9 49 0.622
488 1 76.0 11 22 3.455
488 2 24.0 13 22 1.091
489 1 6.8 10 28 0.243
489 2 9.2 9 28 0.329
490 1 15.0 10 90 0.167
490 2 14.0 8 90 0.156
491 1 30.7 10 180 0.171
491 2 22.3 10 180 0.124
492 1 68.5 27 265 0.258
492 2 35.6 26 265 0.134
493 1 30.8 13 238 0.129
493 2 49.7 10 238 0.209
494 1 15.2 9 76 0.200
494 2 14.1 8 76 0.186
495 1 21.2 14 49 0.433
495 2 37.2 14 49 0.759
496 1 54.7 11 33 1.658
496 2 41.1 8 33 1.245
497 1 39.8 17 33 1.206
497 2 16.4 17 33 0.497
498 1 60.5 11 51 1.186
498 2 44.0 12 51 0.863
499 1 60.0 8 141 0.426
499 2 52.0 10 141 0.369
500 1 56.4 11 44 1.282
500 2 44.5 11 44 1.011
501 1 46.1 28 261 0.177
501 2 69.5 29 261 0.266
502 1 24.0 10 46 0.522
502 2 30.0 10 46 0.652
503 1 41.0 13 122 0.336
503 2 60.5 15 122 0.496
504 1 16.4 11 26 0.631
504 2 25.4 12 26 0.977
505 1 32.4 8 78 0.415
505 2 32.4 7 78 0.415
506 1 115.6 14 217 0.533
506 2 112.4 16 217 0.518
507 1 17.2 10 31 0.555
507 2 13.4 8 31 0.432
508 1 23.0 13 62 0.371
508 2 21.6 12 62 0.348
509 1 51.5 18 41 1.256
509 2 18.5 16 41 0.451
510 1 56.6 17 269 0.210
510 2 62.2 16 269 0.231
511 1 15.6 11 37 0.422
511 2 10.8 8 37 0.292
512 1 18.0 10 90 0.200
512 2 28.5 13 90 0.317
513 1 26.3 9 75 0.351
513 2 22.7 12 75 0.303
514 1 16.4 9 82 0.200
514 2 21.2 8 82 0.259
515 1 9.7 11 47 0.206
515 2 22.3 9 47 0.474
516 1 53.7 12 77 0.697
516 2 16.3 10 77 0.212
517 1 25.4 11 182 0.140
517 2 32.0 12 182 0.176
518 1 21.8 10 214 0.102
518 2 27.2 11 214 0.127
519 1 53.0 9 150 0.353
519 2 41.0 10 150 0.273
520 1 20.7 8 72 0.287
520 2 19.0 7 72 0.264
521 1 9.0 8 35 0.257
521 2 17.0 10 35 0.486
522 1 45.4 11 243 0.187
522 2 91.6 12 243 0.377
523 1 183.5 24 212 0.866
523 2 141.5 22 212 0.667
524 1 21.6 11 74 0.292
524 2 18.8 9 74 0.254
525 1 50.0 15 184 0.272
525 2 62.0 12 184 0.337
526 1 30.8 11 42 0.733
526 2 27.2 10 42 0.648
527 1 27.2 8 29 0.938
527 2 27.2 8 29 0.938
528 1 29.2 10 105 0.278
528 2 18.0 9 105 0.171
529 1 11.0 8 26 0.423
529 2 27.5 9 26 1.058
530 1 20.9 10 101 0.207
530 2 16.7 7 101 0.165
531 1 37.2 8 29 1.283
531 2 13.2 9 29 0.455
532 1 20.0 9 109 0.183
532 2 42.5 11 109 0.390
533 1 22.3 10 56 0.398
533 2 9.7 10 56 0.173
534 1 13.0 12 22 0.591
534 2 20.7 9 22 0.941
535 1 47.6 11 41 1.161
535 2 29.6 9 41 0.722
536 1 15.8 10 58 0.272
536 2 9.2 11 58 0.159
537 1 17.0 10 49 0.347
537 2 30.5 9 49 0.622
538 1 76.0 11 22 3.455
538 2 24.0 13 22 1.091
539 1 6.8 10 28 0.243
539 2 9.2 9 28 0.329
540 1 15.0 10 90 0.167
540 2 14.0 8 90 0.156
541 1 30.7 10 180 0.171
541 2 22.3 10 180 0.124
542 1 68.5 27 265 0.258
542 2 35.6 26 265 0.134
543 1 30.8 13 238 0.129
543 2 49.7 10 238 0.209
544 1 15.2 9 76 0.200
544 2 14.1 8 76 0.186
545 1 21.2 14 49 0.433
545 2 37.2 14 49 0.759
546 1 54.7 11 33 1.658
546 2 41.1 8 33 1.245
547 1 39.8 17 33 1.206
547 2 16.4 17 33 0.497
548 1 60.5 11 51 1.186
548 2 44.0 12 51 0.863
549 1 60.0 8 141 0.426
549 2 52.0 10 141 0.369
550 1 56.4 11 44 1.282
550 2 44.5 11 44 1.011
551 1 46.1 28 261 0.177
551 2 69.5 29 261 0.266
552 1 24.0 10 46 0.522
552 2 30.0 10 46 0.652
553 1 41.0 13 122 0.336
553 2 60.5 15 122 0.496
554 1 16.4 11 26 0.631
554 2 25.4 12 26 0.977
555 1 32.4 8 78 0.415
555 2 32.4 7 78 0.415
556 1 115.6 14 217 0.533
556 2 112.4 16 217 0.518
557 1 17.2 10 31 0.555
557 2 13.4 8 31 0.432
558 1 23.0 13 62 0.371
558 2 21.6 12 62 0.348
559 1 51.5 18 41 1.256
559 2 18.5 16 41 0.451
560 1 56.6 17 269 0.210
560 2 62.2 16 269 0.231
561 1 15.6 11 37 0.422
561 2 10.8 8 37 0.292
562 1 18.0 10 90 0.200
562 2 28.5 13 90 0.317
563 1 26.3 9 75 0.351
563 2 22.7 12 75 0.303
564 1 16.4 9 82 0.200
564 2 21.2 8 82 0.259
565 1 9.7 11 47 0.206
565 2 22.3 9 47 0.474
566 1 53.7 12 77 0.697
566 2 16.3 10 77 0.212
567 1 25.4 11 182 0.140
567 2 32.0 12 182 0.176
568 1 21.8 10 214 0.102
568 2 27.2 11 214 0.127
569 1 53.0 9 150 0.353
569 2 41.0 10 150 0.273
570 1 20.7 8 72 0.287
570 2 19.0 7 72 0.264
571 1 9.0 8 35 0.257
571 2 17.0 10 35 0.486
572 1 45.4 11 243 0.187
572 2 91.6 12 243 0.377
573 1 183.5 24 212 0.866
573 2 141.5 22 212 0.667
574 1 21.6 11 74 0.292
574 2 18.8 9 74 0.254
575 1 50.0 15 184 0.272
575 2 62.0 12 184 0.337
576 1 30.8 11 42 0.733
576 2 27.2 10 42 0.648
577 1 27.2 8 29 0.938
577 2 27.2 8 29 0.938
578 1 29.2 10 105 0.278
578 2 18.0 9 105 0.171
579 1 11.0 8 26 0.423
579 2 27.5 9 26 1.058
580 1 20.9 10 101 0.207
580 2 16.7 7 101 0.165
581 1 37.2 8 29 1.283
581 2 13.2 9 29 0.455
582 1 20.0 9 109 0.183
582 2 42.5 11 109 0.390
583 1 22.3 10 56 0.398
583 2 9.7 10 56 0.173
584 1 13.0 12 22 0.591
584 2 20.7 9 22 0.941
585 1 47.6 11 41 1.161
585 2 29.6 9 41 0.722
586 1 15.8 10 58 0.272
586 2 9.2 11 58 0.159
587 1 17.0 10 49 0.347
587 2 30.5 9 49 0.622
588 1 76.0 11 22 3.455
588 2 24.0 13 22 1.091
589 1 6.8 10 28 0.243
589 2 9.2 9 28 0.329
590 1 15.0 10 90 0.167
590 2 14.0 8 90 0.156
591 1 30.7 10 180 0.171
591 2 22.3 10 180 0.124
592 1 68.5 27 265 0.258
592 2 35.6 26 265 0.134
593 1 30.8 13 238 0.129
593 2 49.7 10 238 0.209
594 1 15.2 9 76 0.200
594 2 14.1 8 76 0.186
595 1 21.2 14 49 0.433
595 2 37.2 14 49 0.759
596 1 54.7 11 33 1.658
596 2 41.1 8 33 1.245
597 1 39.8 17 33 1.206
597 2 16.4 17 33 0.497
598 1 60.5 11 51 1.186
598 2 44.0 12 51 0.863
599 1 60.0 8 141 0.426
599 2 52.0 10 141 0.369
600 1 56.4 11 44 1.282
600 2 44.5 11 44 1.011
601 1 46.1 28 261 0.177
601 2 69.5 29 261 0.266
602 1 24.0 10 46 0.522
602 2 30.0 10 46 0.652
603 1 41.0 13 122 0.336
603 2 60.5 15 122 0.496
604 1 16.4 11 26 0.631
604 2 25.4 12 26 0.977
605 1 32.4 8 78 0.415
605 2 32.4 7 78 0.415
606 1 115.6 14 217 0.533
606 2 112.4 16 217 0.518
607 1 17.2 10 31 0.555
607 2 13.4 8 31 0.432
608 1 23.0 13 62 0.371
608 2 21.6 12 62 0.348
609 1 51.5 18 41 1.256
609 2 18.5 16 41 0.451
610 1 56.6 17 269 0.210
610 2 62.2 16 269 0.231
611 1 15.6 11 37 0.422
611 2 10.8 8 37 0.292
612 1 18.0 10 90 0.200
612 2 28.5 13 90 0.317
613 1 26.3 9 75 0.351
613 2 22.7 12 75 0.303
614 1 16.4 9 82 0.200
614 2 21.2 8 82 0.259
615 1 9.7 11 47 0.206
615 2 22.3 9 47 0.474
616 1 53.7 12 77 0.697
616 2 16.3 10 77 0.212
617 1 25.4 11 182 0.140
617 2 32.0 12 182 0.176
618 1 21.8 10 214 0.102
618 2 27.2 11 214 0.127
619 1 53.0 9 150 0.353
619 2 41.0 10 150 0.273
620 1 20.7 8 72 0.287
620 2 19.0 7 72 0.264
621 1 9.0 8 35 0.257
621 2 17.0 10 35 0.486
622 1 45.4 11 243 0.187
622 2 91.6 12 243 0.377
623 1 183.5 24 212 0.866
623 2 141.5 22 212 0.667
624 1 21.6 11 74 0.292
624 2 18.8 9 74 0.254
625 1 50.0 15 184 0.272
625 2 62.0 12 184 0.337
626 1 30.8 11 42 0.733
626 2 27.2 10 42 0.648
627 1 27.2 8 29 0.938
627 2 27.2 8 29 0.938
628 1 29.2 10 105 0.278
628 2 18.0 9 105 0.171
629 1 11.0 8 26 0.423
629 2 27.5 9 26 1.058
630 1 20.9 10 101 0.207
630 2 16.7 7 101 0.165
631 1 37.2 8 29 1.283
631 2 13.2 9 29 0.455
632 1 20.0 9 109 0.183
632 2 42.5 11 109 0.390
633 1 22.3 10 56 0.398
633 2 9.7 10 56 0.173
634 1 13.0 12 22 0.591
634 2 20.7 9 22 0.941
635 1 47.6 11 41 1.161
635 2 29.6 9 41 0.722
636 1 15.8 10 58 0.272
636 2 9.2 11 58 0.159
637 1 17.0 10 49 0.347
637 2 30.5 9 49 0.622
638 1 76.0 11 22 3.455
638 2 24.0 13 22 1.091
639 1 6.8 10 28 0.243
639 2 9.2 9 28 0.329
640 1 15.0 10 90 0.167
640 2 14.0 8 90 0.156
641 1 30.7 10 180 0.171
641 2 22.3 10 180 0.124
642 1 68.5 27 265 0.258
642 2 35.6 26 265 0.134
643 1 30.8 13 238 0.129
643 2 49.7 10 238 0.209
644 1 15.2 9 76 0.200
644 2 14.1 8 76 0.186
645 1 21.2 14 49 0.433
645 2 37.2 14 49 0.759
646 1 54.7 11 33 1.658
646 2 41.1 8 33 1.245
647 1 39.8 17 33 1.206
647 2 16.4 17 33 0.497
648 1 60.5 11 51 1.186
648 2 44.0 12 51 0.863
649 1 60.0 8 141 0.426
649 2 52.0 10 141 0.369
650 1 56.4 11 44 1.282
650 2 44.5 11 44 1.011
651 1 46.1 28 261 0.177
651 2 69.5 29 261 0.266
652 1 24.0 10 46 0.522
652 2 30.0 10 46 0.652
653 1 41.0 13 122 0.336
653 2 60.5 15 122 0.496
654 1 16.4 11 26 0.631
654 2 25.4 12 26 0.977
655 1 32.4 8 78 0.415
655 2 32.4 7 78 0.415
656 1 115.6 14 217 0.533
656 2 112.4 16 217 0.518
657 1 17.2 10 31 0.555
657 2 13.4 8 31 0.432
658 1 23.0 13 62 0.371
658 2 21.6 12 62 0.348
659 1 51.5 18 41 1.256
659 2 18.5 16 41 0.451
660 1 56.6 17 269 0.210
660 2 62.2 16 269 0.231
661 1 15.6 11 37 0.422
661 2 10.8 8 37 0.292
662 1 18.0 10 90 0.200
662 2 28.5 13 90 0.317
663 1 26.3 9 75 0.351
663 2 22.7 12 75 0.303
664 1 16.4 9 82 0.200
664 2 21.2 8 82 0.259
665 1 9.7 11 47 0.206
665 2 22.3 9 47 0.474
666 1 53.7 12 77 0.697
666 2 16.3 10 77 0.212
667 1 25.4 11 182 0.140
667 2 32.0 12 182 0.176
668 1 21.8 10 214 0.102
668 2 27.2 11 214 0.127
669 1 53.0 9 150 0.353
669 2 41.0 10 150 0.273
670 1 20.7 8 72 0.287
670 2 19.0 7 72 0.264
671 1 9.0 8 35 0.257
671 2 17.0 10 35 0.486
672 1 45.4 11 243 0.187
672 2 91.6 12 243 0.377
673 1 183.5 24 212 0.866
673 2 141.5 22 212 0.667
674 1 21.6 11 74 0.292
674 2 18.8 9 74 0.254
675 1 50.0 15 184 0.272
675 2 62.0 12 184 0.337
676 1 30.8 11 42 0.733
676 2 27.2 10 42 0.648
677 1 27.2 8 29 0.938
677 2 27.2 8 29 0.938
678 1 29.2 10 105 0.278
678 2 18.0 9 105 0.171
679 1 11.0 8 26 0.423
679 2 27.5 9 26 1.058
680 1 20.9 10 101 0.207
680 2 16.7 7 101 0.165
681 1 37.2 8 29 1.283
681 2 13.2 9 29 0.455
682 1 20.0 9 109 0.183
682 2 42.5 11 109 0.390
683 1 22.3 10 56 0.398
683 2 9.7 10 56 0.173
684 1 13.0 12 22 0.591
684 2 20.7 9 22 0.941
685 1 47.6 11 41 1.161
685 2 29.6 9 41 0.722
686 1 15.8 10 58 0.272
686 2 9.2 11 58 0.159
687 1 17.0 10 49 0.347
687 2 30.5 9 49 0.622
688 1 76.0 11 22 3.455
688 2 24.0 13 22 1.091
689 1 6.8 10 28 0.243
689 2 9.2 9 28 0.329
690 1 15.0 10 90 0.167
690 2 14.0 8 90 0.156
691 1 30.7 10 180 0.171
691 2 22.3 10 180 0.124
692 1 68.5 27 265 0.258
692 2 35.6 26 265 0.134
693 1 30.8 13 238 0.129
693 2 49.7 10 238 0.209
694 1 15.2 9 76 0.200
694 2 14.1 8 76 0.186
695 1 21.2 14 49 0.433
695 2 37.2 14 49 0.759
696 1 54.7 11 33 1.658
696 2 41.1 8 33 1.245
697 1 39.8 17 33 1.206
697 2 16.4 17 33 0.497
698 1 60.5 11 51 1.186
698 2 44.0 12 51 0.863
699 1 60.0 8 141 0.426
699 2 52.0 10 141 0.369
700 1 56.4 11 44 1.282
700 2 44.5 11 44 1.011
701 1 46.1 28 261 0.177
701 2 69.5 29 261 0.266
702 1 24.0 10 46 0.522
702 2 30.0 10 46 0.652
703 1 41.0 13 122 0.336
703 2 60.5 15 122 0.496
704 1 16.4 11 26 0.631
704 2 25.4 12 26 0.977
705 1 32.4 8 78 0.415
705 2 32.4 7 78 0.415
706 1 115.6 14 217 0.533
706 2 112.4 16 217 0.518
707 1 17.2 10 31 0.555
707 2 13.4 8 31 0.432
708 1 23.0 13 62 0.371
708 2 21.6 12 62 0.348
709 1 51.5 18 41 1.256
709 2 18.5 16 41 0.451
710 1 56.6 17 269 0.210
710 2 62.2 16 269 0.231
711 1 15.6 11 37 0.422
711 2 10.8 8 37 0.292
712 1 18.0 10 90 0.200
712 2 28.5 13 90 0.317
713 1 26.3 9 75 0.351
713 2 22.7 12 75 0.303
714 1 16.4 9 82 0.200
714 2 21.2 8 82 0.259
715 1 9.7 11 47 0.206
715 2 22.3 9 47 0.474
716 1 53.7 12 77 0.697
716 2 16.3 10 77 0.212
717 1 25.4 11 182 0.140
717 2 32.0 12 182 0.176
718 1 21.8 10 214 0.102
718 2 27.2 11 214 0.127
719 1 53.0 9 150 0.353
719 2 41.0 10 150 0.273
720 1 20.7 8 72 0.287
720 2 19.0 7 72 0.264
721 1 9.0 8 35 0.257
721 2 17.0 10 35 0.486
722 1 45.4 11 243 0.187
722 2 91.6 12 243 0.377
723 1 183.5 24 212 0.866
723 2 141.5 22 212 0.667
724 1 21.6 11 74 0.292
724 2 18.8 9 74 0.254
725 1 50.0 15 184 0.272
725 2 62.0 12 184 0.337
726 1 30.8 11 42 0.733
726 2 27.2 10 42 0.648
727 1 27.2 8 29 0.938
727 2 27.2 8 29 0.938
728 1 29.2 10 105 0.278
728 2 18.0 9 105 0.171
729 1 11.0 8 26 0.423
729 2 27.5 9 26 1.058
730 1 20.9 10 101 0.207
730 2 16.7 7 101 0.165
731 1 37.2 8 29 1.283
731 2 13.2 9 29 0.455
732 1 20.0 9 109 0.183
732 2 42.5 11 109 0.390
733 1 22.3 10 56 0.398
733 2 9.7 10 56 0.173
734 1 13.0 12 22 0.591
734 2 20.7 9 22 0.941
735 1 47.6 11 41 1.161
735 2 29.6 9 41 0.722
736 1 15.8 10 58 0.272
736 2 9.2 11 58 0.159
737 1 17.0 10 49 0.347
737 2 30.5 9 49 0.622
738 1 76.0 11 22 3.455
738 2 24.0 13 22 1.091
739 1 6.8 10 28 0.243
739 2 9.2 9 28 0.329
740 1 15.0 10 90 0.167
740 2 14.0 8 90 0.156
741 1 30.7 10 180 0.171
741 2 22.3 10 180 0.124
742 1 68.5 27 265 0.258
742 2 35.6 26 265 0.134
743 1 30.8 13 238 0.129
743 2 49.7 10 238 0.209
744 1 15.2 9 76 0.200
744 2 14.1 8 76 0.186
745 1 21.2 14 49 0.433
745 2 37.2 14 49 0.759
746 1 54.7 11 33 1.658
746 2 41.1 8 33 1.245
747 1 39.8 17 33 1.206
747 2 16.4 17 33 0.497
748 1 60.5 11 51 1.186
748 2 44.0 12 51 0.863
749 1 60.0 8 141 0.426
749 2 52.0 10 141 0.369
750 1 56.4 11 44 1.282
750 2 44.5 11 44 1.011
751 1 46.1 28 261 0.177
751 2 69.5 29 261 0.266
752 1 24.0 10 46 0.522
752 2 30.0 10 46 0.652
753 1 41.0 13 122 0.336
753 2 60.5 15 122 0.496
754 1 16.4 11 26 0.631
754 2 25.4 12 26 0.977
755 1 32.4 8 78 0.415
755 2 32.4 7 78 0.415
756 1 115.6 14 217 0.533
756 2 112.4 16 217 0.518
757 1 17.2 10 31 0.555
757 2 13.4 8 31 0.432
758 1 23.0 13 62 0.371
758 2 21.6 12 62 0.348
759 1 51.5 18 41 1.256
759 2 18.5 16 41 0.451
760 1 56.6 17 269 0.210
760 2 62.2 16 269 0.231
761 1 15.6 11 37 0.422
761 2 10.8 8 37 0.292
762 1 18.0 10 90 0.200
762 2 28.5 13 90 0.317
763 1 26.3 9 75 0.351
763 2 22.7 12 75 0.303
764 1 16.4 9 82 0.200
764 2 21.2 8 82 0.259
765 1 9.7 11 47 0.206
765 2 22.3 9 47 0.474
766 1 53.7 12 77 0.697
766 2 16.3 10 77 0.212
767 1 25.4 11 182 0.140
767 2 32.0 12 182 0.176
768 1 21.8 10 214 0.102
768 2 27.2 11 214 0.127
769 1 53.0 9 150 0.353
769 2 41.0 10 150 0.273
770 1 20.7 8 72 0.287
770 2 19.0 7 72 0.264
771 1 9.0 8 35 0.257
771 2 17.0 10 35 0.486
772 1 45.4 11 243 0.187
772 2 91.6 12 243 0.377
773 1 183.5 24 212 0.866
773 2 141.5 22 212 0.667
774 1 21.6 11 74 0.292
774 2 18.8 9 74 0.254
775 1 50.0 15 184 0.272
775 2 62.0 12 184 0.337
776 1 30.8 11 42 0.733
776 2 27.2 10 42 0.648
777 1 27.2 8 29 0.938
777 2 27.2 8 29 0.938
778 1 29.2 10 105 0.278
778 2 18.0 9 105 0.171
779 1 11.0 8 26 0.423
779 2 27.5 9 26 1.058
780 1 20.9 10 101 0.207
780 2 16.7 7 101 0.165
781 1 37.2 8 29 1.283
781 2 13.2 9 29 0.455
782 1 20.0 9 109 0.183
782 2 42.5 11 109 0.390
783 1 22.3 10 56 0.398
783 2 9.7 10 56 0.173
784 1 13.0 12 22 0.591
784 2 20.7 9 22 0.941
785 1 47.6 11 41 1.161
785 2 29.6 9 41 0.722
786 1 15.8 10 58 0.272
786 2 9.2 11 58 0.159
787 1 17.0 10 49 0.347
787 2 30.5 9 49 0.622
788 1 76.0 11 22 3.455
788 2 24.0 13 22 1.091
789 1 6.8 10 28 0.243
789 2 9.2 9 28 0.329
790 1 15.0 10 90 0.167
790 2 14.0 8 90 0.156
791 1 30.7 10 180 0.171
791 2 22.3 10 180 0.124
792 1 68.5 27 265 0.258
792 2 35.6 26 265 0.134
793 1 30.8 13 238 0.129
793 2 49.7 10 238 0.209
794 1 15.2 9 76 0.200
794 2 14.1 8 76 0.186
795 1 21.2 14 49 0.433
795 2 37.2 14 49 0.759
796 1 54.7 11 33 1.658
796 2 41.1 8 33 1.245
797 1 39.8 17 33 1.206
797 2 16.4 17 33 0.497
798 1 60.5 11 51 1.186
798 2 44.0 12 51 0.863
799 1 60.0 8 141 0.426
799 2 52.0 10 141 0.369
800 1 56.4 11 44 1.282
800 2 44.5 11 44 1.011
801 1 46.1 28 261 0.177
801 2 69.5 29 261 0.266
802 1 24.0 10 46 0.522
802 2 30.0 10 46 0.652
803 1 41.0 13 122 0.336
803 2 60.5 15 122 0.496
804 1 16.4 11 26 0.631
804 2 25.4 12 26 0.977
805 1 32.4 8 78 0.415
805 2 32.4 7 78 0.415
806 1 115.6 14 217 0.533
806 2 112.4 16 217 0.518
807 1 17.2 10 31 0.555
807 2 13.4 8 31 0.432
808 1 23.0 13 62 0.371
808 2 21.6 12 62 0.348
809 1 51.5 18 41 1.256
809 2 18.5 16 41 0.451
810 1 56.6 17 269 0.210
810 2 62.2 16 269 0.231
811 1 15.6 11 37 0.422
811 2 10.8 8 37 0.292
812 1 18.0 10 90 0.200
812 2 28.5 13 90 0.317
813 1 26.3 9 75 0.351
813 2 22.7 12 75 0.303
814 1 16.4 9 82 0.200
814 2 21.2 8 82 0.259
815 1 9.7 11 47 0.206
815 2 22.3 9 47 0.474
816 1 53.7 12 77 0.697
816 2 16.3 10 77 0.212
817 1 25.4 11 182 0.140
817 2 32.0 12 182 0.176
818 1 21.8 10 214 0.102
818 2 27.2 11 214 0.127
819 1 53.0 9 150 0.353
819 2 41.0 10 150 0.273
820 1 20.7 8 72 0.287
820 2 19.0 7 72 0.264
821 1 9.0 8 35 0.257
821 2 17.0 10 35 0.486
822 1 45.4 11 243 0.187
822 2 91.6 12 243 0.377
823 1 183.5 24 212 0.866
823 2 141.5 22 212 0.667
824 1 21.6 11 74 0.292
824 2 18.8 9 74 0.254
825 1 50.0 15 184 0.272
825 2 62.0 12 184 0.337
826 1 30.8 11 42 0.733
826 2 27.2 10 42 0.648
827 1 27.2 8 29 0.938
827 2 27.2 8 29 0.938
828 1 29.2 10 105 0.278
828 2 18.0 9 105 0.171
829 1 11.0 8 26 0.423
829 2 27.5 9 26 1.058
830 1 20.9 10 101 0.207
830 2 16.7 7 101 0.165
831 1 37.2 8 29 1.283
831 2 13.2 9 29 0.455
832 1 20.0 9 109 0.183
832 2 42.5 11 109 0.390
833 1 22.3 10 56 0.398
833 2 9.7 10 56 0.173
834 1 13.0 12 22 0.591
834 2 20.7 9 22 0.941
835 1 47.6 11 41 1.161
835 2 29.6 9 41 0.722
836 1 15.8 10 58 0.272
836 2 9.2 11 58 0.159
837 1 17.0 10 49 0.347
837 2 30.5 9 49 0.622
838 1 76.0 11 22 3.455
838 2 24.0 13 22 1.091
839 1 6.8 10 28 0.243
839 2 9.2 9 28 0.329
840 1 15.0 10 90 0.167
840 2 14.0 8 90 0.156
841 1 30.7 10 180 0.171
841 2 22.3 10 180 0.124
842 1 68.5 27 265 0.258
842 2 35.6 26 265 0.134
843 1 30.8 13 238 0.129
843 2 49.7 10 238 0.209
844 1 15.2 9 76 0.200
844 2 14.1 8 76 0.186
845 1 21.2 14 49 0.433
845 2 37.2 14 49 0.759
846 1 54.7 11 33 1.658
846 2 41.1 8 33 1.245
847 1 39.8 17 33 1.206
847 2 16.4 17 33 0.497
848 1 60.5 11 51 1.186
848 2 44.0 12 51 0.863
849 1 60.0 8 141 0.426
849 2 52.0 10 141 0.369
850 1 56.4 11 44 1.282
850 2 44.5 11 44 1.011
851 1 46.1 28 261 0.177
851 2 69.5 29 261 0.266
852 1 24.0 10 46 0.522
852 2 30.0 10 46 0.652
853 1 41.0 13 122 0.336
853 2 60.5 15 122 0.496
854 1 16.4 11 26 0.631
854 2 25.4 12 26 0.977
855 1 32.4 8 78 0.415
855 2 32.4 7 78 0.415
856 1 115.6 14 217 0.533
856 2 112.4 16 217 0.518
857 1 17.2 10 31 0.555
857 2 13.4 8 31 0.432
858 1 23.0 13 62 0.371
858 2 21.6 12 62 0.348
859 1 51.5 18 41 1.256
859 2 18.5 16 41 0.451
860 1 56.6 17 269 0.210
860 2 62.2 16 269 0.231
861 1 15.6 11 37 0.422
861 2 10.8 8 37 0.292
862 1 18.0 10 90 0.200
862 2 28.5 13 90 0.317
863 1 26.3 9 75 0.351
863 2 22.7 12 75 0.303
864 1 16.4 9 82 0.200
864 2 21.2 8 82 0.259
865 1 9.7 11 47 0.206
865 2 22.3 9 47 0.474
866 1 53.7 12 77 0.697
866 2 16.3 10 77 0.212
867 1 25.4 11 182 0.140
867 2 32.0 12 182 0.176
868 1 21.8 10 214 0.102
868 2 27.2 11 214 0.127
869 1 53.0 9 150 0.353
869 2 41.0 10 150 0.273
870 1 20.7 8 72 0.287
870 2 19.0 7 72 0.264
871 1 9.0 8 35 0.257
871 2 17.0 10 35 0.486
872 1 45.4 11 243 0.187
872 2 91.6 12 243 0.377
873 1 183.5 24 212 0.866
873 2 141.5 22 212 0.667
874 1 21.6 11 74 0.292
874 2 18.8 9 74 0.254
875 1 50.0 15 184 0.272
875 2 62.0 12 184 0.337
876 1 30.8 11 42 0.733
876 2 27.2 10 42 0.648
877 1 27.2 8 29 0.938
877 2 27.2 8 29 0.938
878 1 29.2 10 105 0.278
878 2 18.0 9 105 0.171
879 1 11.0 8 26 0.423
879 2 27.5 9 26 1.058
880 1 20.9 10 101 0.207
880 2 16.7 7 101 0.165
881 1 37.2 8 29 1.283
881 2 13.2 9 29 0.455
882 1 20.0 9 109 0.183
882 2 42.5 11 109 0.390
883 1 22.3 10 56 0.398
883 2 9.7 10 56 0.173
884 1 13.0 12 22 0.591
884 2 20.7 9 22 0.941
885 1 47.6 11 41 1.161
885 2 29.6 9 41 0.722
886 1 15.8 10 58 0.272
886 2 9.2 11 58 0.159
887 1 17.0 10 49 0.347
887 2 30.5 9 49 0.622
888 1 76.0 11 22 3.455
888 2 24.0 13 22 1.091
889 1 6.8 10 28 0.243
889 2 9.2 9 28 0.329
890 1 15.0 10 90 0.167
890 2 14.0 8 90 0.156
891 1 30.7 10 180 0.171
891 2 22.3 10 180 0.124
892 1 68.5 27 265 0.258
892 2 35.6 26 265 0.134
893 1 30.8 13 238 0.129
893 2 49.7 10 238 0.209
894 1 15.2 9 76 0.200
894 2 14.1 8 76 0.186
895 1 21.2 14 49 0.433
895 2 37.2 14 49 0.759
896 1 54.7 11 33 1.658
896 2 41.1 8 33 1.245
897 1 39.8 17 33 1.206
897 2 16.4 17 33 0.497
898 1 60.5 11 51 1.186
898 2 44.0 12 51 0.863
899 1 60.0 8 141 0.426
899 2 52.0 10 141 0.369
900 1 56.4 11 44 1.282
900 2 44.5 11 44 1.011
901 1 46.1 28 261 0.177
901 2 69.5 29 261 0.266
902 1 24.0 10 46 0.522
902 2 30.0 10 46 0.652
903 1 41.0 13 122 0.336
903 2 60.5 15 122 0.496
904 1 16.4 11 26 0.631
904 2 25.4 12 26 0.977
905 1 32.4 8 78 0.415
905 2 32.4 7 78 0.415
906 1 115.6 14 217 0.533
906 2 112.4 16 217 0.518
907 1 17.2 10 31 0.555
907 2 13.4 8 31 0.432
908 1 23.0 13 62 0.371
908 2 21.6 12 62 0.348
909 1 51.5 18 41 1.256
909 2 18.5 16 41 0.451
910 1 56.6 17 269 0.210
910 2 62.2 16 269 0.231
911 1 15.6 11 37 0.422
911 2 10.8 8 37 0.292
912 1 18.0 10 90 0.200
912 2 28.5 13 90 0.317
913 1 26.3 9 75 0.351
913 2 22.7 12 75 0.303
914 1 16.4 9 82 0.200
914 2 21.2 8 82 0.259
915 1 9.7 11 47 0.206
915 2 22.3 9 47 0.474
916 1 53.7 12 77 0.697
916 2 16.3 10 77 0.212
917 1 25.4 11 182 0.140
917 2 32.0 12 182 0.176
918 1 21.8 10 214 0.102
918 2 27.2 11 214 0.127
919 1 53.0 9 150 0.353
919 2 41.0 10 150 0.273
920 1 20.7 8 72 0.287
920 2 19.0 7 72 0.264
921 1 9.0 8 35 0.257
921 2 17.0 10 35 0.486
922 1 45.4 11 243 0.187
922 2 91.6 12 243 0.377
923 1 183.5 24 212 0.866
923 2 141.5 22 212 0.667
924 1 21.6 11 74 0.292
924 2 18.8 9 74 0.254
925 1 50.0 15 184 0.272
925 2 62.0 12 184 0.337
926 1 30.8 11 42 0.733
926 2 27.2 10 42 0.648
927 1 27.2 8 29 0.938
927 2 27.2 8 29 0.938
928 1 29.2 10 105 0.278
928 2 18.0 9 105 0.171
929 1 11.0 8 26 0.423
929 2 27.5 9 26 1.058
930 1 20.9 10 101 0.207
930 2 16.7 7 101 0.165
931 1 37.2 8 29 1.283
931 2 13.2 9 29 0.455
932 1 20.0 9 109 0.183
932 2 42.5 11 109 0.390
933 1 22.3 10 56 0.398
933 2 9.7 10 56 0.173
934 1 13.0 12 22 0.591
934 2 20.7 9 22 0.941
935 1 47.6 11 41 1.161
935 2 29.6 9 41 0.722
936 1 15.8 10 58 0.272
936 2 9.2 11 58 0.159
937 1 17.0 10 49 0.347
937 2 30.5 9 49 0.622
938 1 76.0 11 22 3.455
938 2 24.0 13 22 1.091
939 1 6.8 10 28 0.243
939 2 9.2 9 28 0.329
940 1 15.0 10 90 0.167
940 2 14.0 8 90 0.156
941 1 30.7 10 180 0.171
941 2 22.3 10 180 0.124
942 1 68.5 27 265 0.258
942 2 35.6 26 265 0.134
943 1 30.8 13 238 0.129
943 2 49.7 10 238 0.209
944 1 15.2 9 76 0.200
944 2 14.1 8 76 0.186
945 1 21.2 14 49 0.433
945 2 37.2 14 49 0.759
946 1 54.7 11 33 1.658
946 2 41.1 8 33 1.245
947 1 39.8 17 33 1.206
947 2 16.4 17 33 0.497
948 1 60.5 11 51 1.186
948 2 44.0 12 51 0.863
949 1 60.0 8 141 0.426
949 2 52.0 10 141 0.369
950 1 56.4 11 44 1.282
950 2 44.5 11 44 1.011
951 1 46.1 28 261 0.177
951 2 69.5 29 261 0.266
952 1 24.0 10 46 0.522
952 2 30.0 10 46 0.652
953 1 41.0 13 122 0.336
953 2 60.5 15 122 0.496
954 1 16.4 11 26 0.631
954 2 25.4 12 26 0.977
955 1 32.4 8 78 0.415
955 2 32.4 7 78 0.415
956 1 115.6 14 217 0.533
956 2 112.4 16 217 0.518
957 1 17.2 10 31 0.555
957 2 13.4 8 31 0.432
958 1 23.0 13 62 0.371
958 2 21.6 12 62 0.348
959 1 51.5 18 41 1.256
959 2 18.5 16 41 0.451
960 1 56.6 17 269 0.210
960 2 62.2 16 269 0.231
961 1 15.6 11 37 0.422
961 2 10.8 8 37 0.292
962 1 18.0 10 90 0.200
962 2 28.5 13 90 0.317
963 1 26.3 9 75 0.351
963 2 22.7 12 75 0.303
964 1 16.4 9 82 0.200
964 2 21.2 8 82 0.259
965 1 9.7 11 47 0.206
965 2 22.3 9 47 0.474
966 1 53.7 12 77 0.697
966 2 16.3 10 77 0.212
967 1 25.4 11 182 0.140
967 2 32.0 12 182 0.176
968 1 21.8 10 214 0.102
968 2 27.2 11 214 0.127
969 1 53.0 9 150 0.353
969 2 41.0 10 150 0.273
970 1 20.7 8 72 0.287
970 2 19.0 7 72 0.264
971 1 9.0 8 35 0.257
971 2 17.0 10 35 0.486
972 1 45.4 11 243 0.187
972 2 91.6 12 243 0.377
973 1 183.5 24 212 0.866
973 2 141.5 22 212 0.667
974 1 21.6 11 74 0.292
974 2 18.8 9 74 0.254
975 1 50.0 15 184 0.272
975 2 62.0 12 184 0.337
976 1 30.8 11 42 0.733
976 2 27.2 10 42 0.648
977 1 27.2 8 29 0.938
977 2 27.2 8 29 0.938
978 1 29.2 10 105 0.278
978 2 18.0 9 105 0.171
979 1 11.0 8 26 0.423
979 2 27.5 9 26 1.058
980 1 20.9 10 101 0.207
980 2 16.7 7 101 0.165
981 1 37.2 8 29 1.283
981 2 13.2 9 29 0.455
982 1 20.0 9 109 0.183
982 2 42.5 11 109 0.390
983 1 22.3 10 56 0.398
983 2 9.7 10 56 0.173
984 1 13.0 12 22 0.591
984 2 20.7 9 22 0.941
985 1 47.6 11 41 1.161
985 2 29.6 9 41 0.722
986 1 15.8 10 58 0.272
986 2 9.2 11 58 0.159
987 1 17.0 10 49 0.347
987 2 30.5 9 49 0.622
988 1 76.0 11 22 3.455
988 2 24.0 13 22 1.091
989 1 6.8 10 28 0.243
989 2 9.2 9 28 0.329
990 1 15.0 10 90 0.167
990 2 14.0 8 90 0.156
991 1 30.7 10 180 0.171
991 2 22.3 10 180 0.124
992 1 68.5 27 265 0.258
992 2 35.6 26 265 0.134
993 1 30.8 13 238 0.129
993 2 49.7 10 238 0.209
994 1 15.2 9 76 0.200
994 2 14.1 8 76 0.186
995 1 21.2 14 49 0.433
995 2 37.2 14 49 0.759
996 1 54.7 11 33 1.658
996 2 41.1 8 33 1.245
997 1 39.8 17 33 1.206
997 2 16.4 17 33 0.497
998 1 60.5 11 51 1.186
998 2 44.0 12 51 0.863
999 1 60.0 8 141 0.426
999 2 52.0 10 141 0.369
1000 1 56.4 11 44 1.282
1000 2 44.5 11 44 1.011
