500
2
1650
1650
1 1 45.1 27 260 0.173
1 2 68.5 28 260 0.263
2 1 23.0 9 45 0.511
2 2 29.0 9 45 0.644
3 1 40.0 12 121 0.331
3 2 59.5 14 121 0.492
4 1 15.4 10 25 0.616
4 2 24.4 11 25 0.976
5 1 31.4 7 77 0.408
5 2 31.4 6 77 0.408
6 1 114.6 13 216 0.531
6 2 111.4 15 216 0.516
7 1 16.2 9 30 0.540
7 2 12.4 7 30 0.413
8 1 22.0 12 61 0.361
8 2 20.6 11 61 0.338
9 1 50.5 17 40 1.262
9 2 17.5 15 40 0.438
10 1 55.6 16 268 0.207
10 2 61.2 15 268 0.228
11 1 14.6 10 36 0.406
11 2 9.8 7 36 0.272
12 1 17.0 9 89 0.191
12 2 27.5 12 89 0.309
13 1 25.3 8 74 0.342
13 2 21.7 11 74 0.293
14 1 15.4 8 81 0.190
14 2 20.2 7 81 0.249
15 1 8.7 10 46 0.189
15 2 21.3 8 46 0.463
16 1 52.7 11 76 0.693
16 2 15.3 9 76 0.201
17 1 24.4 10 181 0.135
17 2 31.0 11 181 0.171
18 1 20.8 9 213 0.098
18 2 26.2 10 213 0.123
19 1 52.0 8 149 0.349
19 2 40.0 9 149 0.268
20 1 19.7 7 71 0.277
20 2 18.0 6 71 0.254
21 1 8.0 7 34 0.235
21 2 16.0 9 34 0.471
22 1 44.4 10 242 0.183
22 2 90.6 11 242 0.374
23 1 182.5 23 211 0.865
23 2 140.5 21 211 0.666
24 1 20.6 10 73 0.282
24 2 17.8 8 73 0.244
25 1 49.0 14 183 0.268
25 2 61.0 11 183 0.333
26 1 29.8 10 41 0.727
26 2 26.2 9 41 0.639
27 1 26.2 7 28 0.936
27 2 26.2 7 28 0.936
28 1 28.2 9 104 0.271
28 2 17.0 8 104 0.163
29 1 10.0 7 25 0.400
29 2 26.5 8 25 1.060
30 1 19.9 9 100 0.199
30 2 15.7 6 100 0.157
31 1 36.2 7 28 1.293
31 2 12.2 8 28 0.436
32 1 19.0 8 108 0.176
32 2 41.5 10 108 0.384
33 1 21.3 9 55 0.387
33 2 8.7 9 55 0.158
34 1 12.0 11 21 0.571
34 2 19.7 8 21 0.938
35 1 46.6 10 40 1.165
35 2 28.6 8 40 0.715
36 1 14.8 9 57 0.260
36 2 8.2 10 57 0.144
37 1 16.0 9 48 0.333
37 2 29.5 8 48 0.615
38 1 75.0 10 21 3.571
38 2 23.0 12 21 1.095
39 1 5.8 9 27 0.215
39 2 8.2 8 27 0.304
40 1 14.0 9 89 0.157
40 2 13.0 7 89 0.146
41 1 29.7 9 179 0.166
41 2 21.3 9 179 0.119
42 1 67.5 26 264 0.256
42 2 34.6 25 264 0.131
43 1 29.8 12 237 0.126
43 2 48.7 9 237 0.205
44 1 14.2 8 75 0.189
44 2 13.1 7 75 0.175
45 1 20.2 13 48 0.421
45 2 36.2 13 48 0.754
46 1 53.7 10 32 1.678
46 2 40.1 7 32 1.253
47 1 38.8 16 32 1.212
47 2 15.4 16 32 0.481
48 1 59.5 10 50 1.190
48 2 43.0 11 50 0.860
49 1 59.0 7 140 0.421
49 2 51.0 9 140 0.364
50 1 55.4 10 43 1.288
50 2 43.5 10 43 1.012
51 1 45.1 27 260 0.173
51 2 68.5 28 260 0.263
52 1 23.0 9 45 0.511
52 2 29.0 9 45 0.644
53 1 40.0 12 121 0.331
53 2 59.5 14 121 0.492
54 1 15.4 10 25 0.616
54 2 24.4 11 25 0.976
55 1 31.4 7 77 0.408
55 2 31.4 6 77 0.408
56 1 114.6 13 216 0.531
56 2 111.4 15 216 0.516
57 1 16.2 9 30 0.540
57 2 12.4 7 30 0.413
58 1 22.0 12 61 0.361
58 2 20.6 11 61 0.338
59 1 50.5 17 40 1.262
59 2 17.5 15 40 0.438
60 1 55.6 16 268 0.207
60 2 61.2 15 268 0.228
61 1 14.6 10 36 0.406
61 2 9.8 7 36 0.272
62 1 17.0 9 89 0.191
62 2 27.5 12 89 0.309
63 1 25.3 8 74 0.342
63 2 21.7 11 74 0.293
64 1 15.4 8 81 0.190
64 2 20.2 7 81 0.249
65 1 8.7 10 46 0.189
65 2 21.3 8 46 0.463
66 1 52.7 11 76 0.693
66 2 15.3 9 76 0.201
67 1 24.4 10 181 0.135
67 2 31.0 11 181 0.171
68 1 20.8 9 213 0.098
68 2 26.2 10 213 0.123
69 1 52.0 8 149 0.349
69 2 40.0 9 149 0.268
70 1 19.7 7 71 0.277
70 2 18.0 6 71 0.254
71 1 8.0 7 34 0.235
71 2 16.0 9 34 0.471
72 1 44.4 10 242 0.183
72 2 90.6 11 242 0.374
73 1 182.5 23 211 0.865
73 2 140.5 21 211 0.666
74 1 20.6 10 73 0.282
74 2 17.8 8 73 0.244
75 1 49.0 14 183 0.268
75 2 61.0 11 183 0.333
76 1 29.8 10 41 0.727
76 2 26.2 9 41 0.639
77 1 26.2 7 28 0.936
77 2 26.2 7 28 0.936
78 1 28.2 9 104 0.271
78 2 17.0 8 104 0.163
79 1 10.0 7 25 0.400
79 2 26.5 8 25 1.060
80 1 19.9 9 100 0.199
80 2 15.7 6 100 0.157
81 1 36.2 7 28 1.293
81 2 12.2 8 28 0.436
82 1 19.0 8 108 0.176
82 2 41.5 10 108 0.384
83 1 21.3 9 55 0.387
83 2 8.7 9 55 0.158
84 1 12.0 11 21 0.571
84 2 19.7 8 21 0.938
85 1 46.6 10 40 1.165
85 2 28.6 8 40 0.715
86 1 14.8 9 57 0.260
86 2 8.2 10 57 0.144
87 1 16.0 9 48 0.333
87 2 29.5 8 48 0.615
88 1 75.0 10 21 3.571
88 2 23.0 12 21 1.095
89 1 5.8 9 27 0.215
89 2 8.2 8 27 0.304
90 1 14.0 9 89 0.157
90 2 13.0 7 89 0.146
91 1 29.7 9 179 0.166
91 2 21.3 9 179 0.119
92 1 67.5 26 264 0.256
92 2 34.6 25 264 0.131
93 1 29.8 12 237 0.126
93 2 48.7 9 237 0.205
94 1 14.2 8 75 0.189
94 2 13.1 7 75 0.175
95 1 20.2 13 48 0.421
95 2 36.2 13 48 0.754
96 1 53.7 10 32 1.678
96 2 40.1 7 32 1.253
97 1 38.8 16 32 1.212
97 2 15.4 16 32 0.481
98 1 59.5 10 50 1.190
98 2 43.0 11 50 0.860
99 1 59.0 7 140 0.421
99 2 51.0 9 140 0.364
100 1 55.4 10 43 1.288
100 2 43.5 10 43 1.012
101 1 45.1 27 260 0.173
101 2 68.5 28 260 0.263
102 1 23.0 9 45 0.511
102 2 29.0 9 45 0.644
103 1 40.0 12 121 0.331
103 2 59.5 14 121 0.492
104 1 15.4 10 25 0.616
104 2 24.4 11 25 0.976
105 1 31.4 7 77 0.408
105 2 31.4 6 77 0.408
106 1 114.6 13 216 0.531
106 2 111.4 15 216 0.516
107 1 16.2 9 30 0.540
107 2 12.4 7 30 0.413
108 1 22.0 12 61 0.361
108 2 20.6 11 61 0.338
109 1 50.5 17 40 1.262
109 2 17.5 15 40 0.438
110 1 55.6 16 268 0.207
110 2 61.2 15 268 0.228
111 1 14.6 10 36 0.406
111 2 9.8 7 36 0.272
112 1 17.0 9 89 0.191
112 2 27.5 12 89 0.309
113 1 25.3 8 74 0.342
113 2 21.7 11 74 0.293
114 1 15.4 8 81 0.190
114 2 20.2 7 81 0.249
115 1 8.7 10 46 0.189
115 2 21.3 8 46 0.463
116 1 52.7 11 76 0.693
116 2 15.3 9 76 0.201
117 1 24.4 10 181 0.135
117 2 31.0 11 181 0.171
118 1 20.8 9 213 0.098
118 2 26.2 10 213 0.123
119 1 52.0 8 149 0.349
119 2 40.0 9 149 0.268
120 1 19.7 7 71 0.277
120 2 18.0 6 71 0.254
121 1 8.0 7 34 0.235
121 2 16.0 9 34 0.471
122 1 44.4 10 242 0.183
122 2 90.6 11 242 0.374
123 1 182.5 23 211 0.865
123 2 140.5 21 211 0.666
124 1 20.6 10 73 0.282
124 2 17.8 8 73 0.244
125 1 49.0 14 183 0.268
125 2 61.0 11 183 0.333
126 1 29.8 10 41 0.727
126 2 26.2 9 41 0.639
127 1 26.2 7 28 0.936
127 2 26.2 7 28 0.936
128 1 28.2 9 104 0.271
128 2 17.0 8 104 0.163
129 1 10.0 7 25 0.400
129 2 26.5 8 25 1.060
130 1 19.9 9 100 0.199
130 2 15.7 6 100 0.157
131 1 36.2 7 28 1.293
131 2 12.2 8 28 0.436
132 1 19.0 8 108 0.176
132 2 41.5 10 108 0.384
133 1 21.3 9 55 0.387
133 2 8.7 9 55 0.158
134 1 12.0 11 21 0.571
134 2 19.7 8 21 0.938
135 1 46.6 10 40 1.165
135 2 28.6 8 40 0.715
136 1 14.8 9 57 0.260
136 2 8.2 10 57 0.144
137 1 16.0 9 48 0.333
137 2 29.5 8 48 0.615
138 1 75.0 10 21 3.571
138 2 23.0 12 21 1.095
139 1 5.8 9 27 0.215
139 2 8.2 8 27 0.304
140 1 14.0 9 89 0.157
140 2 13.0 7 89 0.146
141 1 29.7 9 179 0.166
141 2 21.3 9 179 0.119
142 1 67.5 26 264 0.256
142 2 34.6 25 264 0.131
143 1 29.8 12 237 0.126
143 2 48.7 9 237 0.205
144 1 14.2 8 75 0.189
144 2 13.1 7 75 0.175
145 1 20.2 13 48 0.421
145 2 36.2 13 48 0.754
146 1 53.7 10 32 1.678
146 2 40.1 7 32 1.253
147 1 38.8 16 32 1.212
147 2 15.4 16 32 0.481
148 1 59.5 10 50 1.190
148 2 43.0 11 50 0.860
149 1 59.0 7 140 0.421
149 2 51.0 9 140 0.364
150 1 55.4 10 43 1.288
150 2 43.5 10 43 1.012
151 1 45.1 27 260 0.173
151 2 68.5 28 260 0.263
152 1 23.0 9 45 0.511
152 2 29.0 9 45 0.644
153 1 40.0 12 121 0.331
153 2 59.5 14 121 0.492
154 1 15.4 10 25 0.616
154 2 24.4 11 25 0.976
155 1 31.4 7 77 0.408
155 2 31.4 6 77 0.408
156 1 114.6 13 216 0.531
156 2 111.4 15 216 0.516
157 1 16.2 9 30 0.540
157 2 12.4 7 30 0.413
158 1 22.0 12 61 0.361
158 2 20.6 11 61 0.338
159 1 50.5 17 40 1.262
159 2 17.5 15 40 0.438
160 1 55.6 16 268 0.207
160 2 61.2 15 268 0.228
161 1 14.6 10 36 0.406
161 2 9.8 7 36 0.272
162 1 17.0 9 89 0.191
162 2 27.5 12 89 0.309
163 1 25.3 8 74 0.342
163 2 21.7 11 74 0.293
164 1 15.4 8 81 0.190
164 2 20.2 7 81 0.249
165 1 8.7 10 46 0.189
165 2 21.3 8 46 0.463
166 1 52.7 11 76 0.693
166 2 15.3 9 76 0.201
167 1 24.4 10 181 0.135
167 2 31.0 11 181 0.171
168 1 20.8 9 213 0.098
168 2 26.2 10 213 0.123
169 1 52.0 8 149 0.349
169 2 40.0 9 149 0.268
170 1 19.7 7 71 0.277
170 2 18.0 6 71 0.254
171 1 8.0 7 34 0.235
171 2 16.0 9 34 0.471
172 1 44.4 10 242 0.183
172 2 90.6 11 242 0.374
173 1 182.5 23 211 0.865
173 2 140.5 21 211 0.666
174 1 20.6 10 73 0.282
174 2 17.8 8 73 0.244
175 1 49.0 14 183 0.268
175 2 61.0 11 183 0.333
176 1 29.8 10 41 0.727
176 2 26.2 9 41 0.639
177 1 26.2 7 28 0.936
177 2 26.2 7 28 0.936
178 1 28.2 9 104 0.271
178 2 17.0 8 104 0.163
179 1 10.0 7 25 0.400
179 2 26.5 8 25 1.060
180 1 19.9 9 100 0.199
180 2 15.7 6 100 0.157
181 1 36.2 7 28 1.293
181 2 12.2 8 28 0.436
182 1 19.0 8 108 0.176
182 2 41.5 10 108 0.384
183 1 21.3 9 55 0.387
183 2 8.7 9 55 0.158
184 1 12.0 11 21 0.571
184 2 19.7 8 21 0.938
185 1 46.6 10 40 1.165
185 2 28.6 8 40 0.715
186 1 14.8 9 57 0.260
186 2 8.2 10 57 0.144
187 1 16.0 9 48 0.333
187 2 29.5 8 48 0.615
188 1 75.0 10 21 3.571
188 2 23.0 12 21 1.095
189 1 5.8 9 27 0.215
189 2 8.2 8 27 0.304
190 1 14.0 9 89 0.157
190 2 13.0 7 89 0.146
191 1 29.7 9 179 0.166
191 2 21.3 9 179 0.119
192 1 67.5 26 264 0.256
192 2 34.6 25 264 0.131
193 1 29.8 12 237 0.126
193 2 48.7 9 237 0.205
194 1 14.2 8 75 0.189
194 2 13.1 7 75 0.175
195 1 20.2 13 48 0.421
195 2 36.2 13 48 0.754
196 1 53.7 10 32 1.678
196 2 40.1 7 32 1.253
197 1 38.8 16 32 1.212
197 2 15.4 16 32 0.481
198 1 59.5 10 50 1.190
198 2 43.0 11 50 0.860
199 1 59.0 7 140 0.421
199 2 51.0 9 140 0.364
200 1 55.4 10 43 1.288
200 2 43.5 10 43 1.012
201 1 45.1 27 260 0.173
201 2 68.5 28 260 0.263
202 1 23.0 9 45 0.511
202 2 29.0 9 45 0.644
203 1 40.0 12 121 0.331
203 2 59.5 14 121 0.492
204 1 15.4 10 25 0.616
204 2 24.4 11 25 0.976
205 1 31.4 7 77 0.408
205 2 31.4 6 77 0.408
206 1 114.6 13 216 0.531
206 2 111.4 15 216 0.516
207 1 16.2 9 30 0.540
207 2 12.4 7 30 0.413
208 1 22.0 12 61 0.361
208 2 20.6 11 61 0.338
209 1 50.5 17 40 1.262
209 2 17.5 15 40 0.438
210 1 55.6 16 268 0.207
210 2 61.2 15 268 0.228
211 1 14.6 10 36 0.406
211 2 9.8 7 36 0.272
212 1 17.0 9 89 0.191
212 2 27.5 12 89 0.309
213 1 25.3 8 74 0.342
213 2 21.7 11 74 0.293
214 1 15.4 8 81 0.190
214 2 20.2 7 81 0.249
215 1 8.7 10 46 0.189
215 2 21.3 8 46 0.463
216 1 52.7 11 76 0.693
216 2 15.3 9 76 0.201
217 1 24.4 10 181 0.135
217 2 31.0 11 181 0.171
218 1 20.8 9 213 0.098
218 2 26.2 10 213 0.123
219 1 52.0 8 149 0.349
219 2 40.0 9 149 0.268
220 1 19.7 7 71 0.277
220 2 18.0 6 71 0.254
221 1 8.0 7 34 0.235
221 2 16.0 9 34 0.471
222 1 44.4 10 242 0.183
222 2 90.6 11 242 0.374
223 1 182.5 23 211 0.865
223 2 140.5 21 211 0.666
224 1 20.6 10 73 0.282
224 2 17.8 8 73 0.244
225 1 49.0 14 183 0.268
225 2 61.0 11 183 0.333
226 1 29.8 10 41 0.727
226 2 26.2 9 41 0.639
227 1 26.2 7 28 0.936
227 2 26.2 7 28 0.936
228 1 28.2 9 104 0.271
228 2 17.0 8 104 0.163
229 1 10.0 7 25 0.400
229 2 26.5 8 25 1.060
230 1 19.9 9 100 0.199
230 2 15.7 6 100 0.157
231 1 36.2 7 28 1.293
231 2 12.2 8 28 0.436
232 1 19.0 8 108 0.176
232 2 41.5 10 108 0.384
233 1 21.3 9 55 0.387
233 2 8.7 9 55 0.158
234 1 12.0 11 21 0.571
234 2 19.7 8 21 0.938
235 1 46.6 10 40 1.165
235 2 28.6 8 40 0.715
236 1 14.8 9 57 0.260
236 2 8.2 10 57 0.144
237 1 16.0 9 48 0.333
237 2 29.5 8 48 0.615
238 1 75.0 10 21 3.571
238 2 23.0 12 21 1.095
239 1 5.8 9 27 0.215
239 2 8.2 8 27 0.304
240 1 14.0 9 89 0.157
240 2 13.0 7 89 0.146
241 1 29.7 9 179 0.166
241 2 21.3 9 179 0.119
242 1 67.5 26 264 0.256
242 2 34.6 25 264 0.131
243 1 29.8 12 237 0.126
243 2 48.7 9 237 0.205
244 1 14.2 8 75 0.189
244 2 13.1 7 75 0.175
245 1 20.2 13 48 0.421
245 2 36.2 13 48 0.754
246 1 53.7 10 32 1.678
246 2 40.1 7 32 1.253
247 1 38.8 16 32 1.212
247 2 15.4 16 32 0.481
248 1 59.5 10 50 1.190
248 2 43.0 11 50 0.860
249 1 59.0 7 140 0.421
249 2 51.0 9 140 0.364
250 1 55.4 10 43 1.288
250 2 43.5 10 43 1.012
251 1 45.1 27 260 0.173
251 2 68.5 28 260 0.263
252 1 23.0 9 45 0.511
252 2 29.0 9 45 0.644
253 1 40.0 12 121 0.331
253 2 59.5 14 121 0.492
254 1 15.4 10 25 0.616
254 2 24.4 11 25 0.976
255 1 31.4 7 77 0.408
255 2 31.4 6 77 0.408
256 1 114.6 13 216 0.531
256 2 111.4 15 216 0.516
257 1 16.2 9 30 0.540
257 2 12.4 7 30 0.413
258 1 22.0 12 61 0.361
258 2 20.6 11 61 0.338
259 1 50.5 17 40 1.262
259 2 17.5 15 40 0.438
260 1 55.6 16 268 0.207
260 2 61.2 15 268 0.228
261 1 14.6 10 36 0.406
261 2 9.8 7 36 0.272
262 1 17.0 9 89 0.191
262 2 27.5 12 89 0.309
263 1 25.3 8 74 0.342
263 2 21.7 11 74 0.293
264 1 15.4 8 81 0.190
264 2 20.2 7 81 0.249
265 1 8.7 10 46 0.189
265 2 21.3 8 46 0.463
266 1 52.7 11 76 0.693
266 2 15.3 9 76 0.201
267 1 24.4 10 181 0.135
267 2 31.0 11 181 0.171
268 1 20.8 9 213 0.098
268 2 26.2 10 213 0.123
269 1 52.0 8 149 0.349
269 2 40.0 9 149 0.268
270 1 19.7 7 71 0.277
270 2 18.0 6 71 0.254
271 1 8.0 7 34 0.235
271 2 16.0 9 34 0.471
272 1 44.4 10 242 0.183
272 2 90.6 11 242 0.374
273 1 182.5 23 211 0.865
273 2 140.5 21 211 0.666
274 1 20.6 10 73 0.282
274 2 17.8 8 73 0.244
275 1 49.0 14 183 0.268
275 2 61.0 11 183 0.333
276 1 29.8 10 41 0.727
276 2 26.2 9 41 0.639
277 1 26.2 7 28 0.936
277 2 26.2 7 28 0.936
278 1 28.2 9 104 0.271
278 2 17.0 8 104 0.163
279 1 10.0 7 25 0.400
279 2 26.5 8 25 1.060
280 1 19.9 9 100 0.199
280 2 15.7 6 100 0.157
281 1 36.2 7 28 1.293
281 2 12.2 8 28 0.436
282 1 19.0 8 108 0.176
282 2 41.5 10 108 0.384
283 1 21.3 9 55 0.387
283 2 8.7 9 55 0.158
284 1 12.0 11 21 0.571
284 2 19.7 8 21 0.938
285 1 46.6 10 40 1.165
285 2 28.6 8 40 0.715
286 1 14.8 9 57 0.260
286 2 8.2 10 57 0.144
287 1 16.0 9 48 0.333
287 2 29.5 8 48 0.615
288 1 75.0 10 21 3.571
288 2 23.0 12 21 1.095
289 1 5.8 9 27 0.215
289 2 8.2 8 27 0.304
290 1 14.0 9 89 0.157
290 2 13.0 7 89 0.146
291 1 29.7 9 179 0.166
291 2 21.3 9 179 0.119
292 1 67.5 26 264 0.256
292 2 34.6 25 264 0.131
293 1 29.8 12 237 0.126
293 2 48.7 9 237 0.205
294 1 14.2 8 75 0.189
294 2 13.1 7 75 0.175
295 1 20.2 13 48 0.421
295 2 36.2 13 48 0.754
296 1 53.7 10 32 1.678
296 2 40.1 7 32 1.253
297 1 38.8 16 32 1.212
297 2 15.4 16 32 0.481
298 1 59.5 10 50 1.190
298 2 43.0 11 50 0.860
299 1 59.0 7 140 0.421
299 2 51.0 9 140 0.364
300 1 55.4 10 43 1.288
300 2 43.5 10 43 1.012
301 1 45.1 27 260 0.173
301 2 68.5 28 260 0.263
302 1 23.0 9 45 0.511
302 2 29.0 9 45 0.644
303 1 40.0 12 121 0.331
303 2 59.5 14 121 0.492
304 1 15.4 10 25 0.616
304 2 24.4 11 25 0.976
305 1 31.4 7 77 0.408
305 2 31.4 6 77 0.408
306 1 114.6 13 216 0.531
306 2 111.4 15 216 0.516
307 1 16.2 9 30 0.540
307 2 12.4 7 30 0.413
308 1 22.0 12 61 0.361
308 2 20.6 11 61 0.338
309 1 50.5 17 40 1.262
309 2 17.5 15 40 0.438
310 1 55.6 16 268 0.207
310 2 61.2 15 268 0.228
311 1 14.6 10 36 0.406
311 2 9.8 7 36 0.272
312 1 17.0 9 89 0.191
312 2 27.5 12 89 0.309
313 1 25.3 8 74 0.342
313 2 21.7 11 74 0.293
314 1 15.4 8 81 0.190
314 2 20.2 7 81 0.249
315 1 8.7 10 46 0.189
315 2 21.3 8 46 0.463
316 1 52.7 11 76 0.693
316 2 15.3 9 76 0.201
317 1 24.4 10 181 0.135
317 2 31.0 11 181 0.171
318 1 20.8 9 213 0.098
318 2 26.2 10 213 0.123
319 1 52.0 8 149 0.349
319 2 40.0 9 149 0.268
320 1 19.7 7 71 0.277
320 2 18.0 6 71 0.254
321 1 8.0 7 34 0.235
321 2 16.0 9 34 0.471
322 1 44.4 10 242 0.183
322 2 90.6 11 242 0.374
323 1 182.5 23 211 0.865
323 2 140.5 21 211 0.666
324 1 20.6 10 73 0.282
324 2 17.8 8 73 0.244
325 1 49.0 14 183 0.268
325 2 61.0 11 183 0.333
326 1 29.8 10 41 0.727
326 2 26.2 9 41 0.639
327 1 26.2 7 28 0.936
327 2 26.2 7 28 0.936
328 1 28.2 9 104 0.271
328 2 17.0 8 104 0.163
329 1 10.0 7 25 0.400
329 2 26.5 8 25 1.060
330 1 19.9 9 100 0.199
330 2 15.7 6 100 0.157
331 1 36.2 7 28 1.293
331 2 12.2 8 28 0.436
332 1 19.0 8 108 0.176
332 2 41.5 10 108 0.384
333 1 21.3 9 55 0.387
333 2 8.7 9 55 0.158
334 1 12.0 11 21 0.571
334 2 19.7 8 21 0.938
335 1 46.6 10 40 1.165
335 2 28.6 8 40 0.715
336 1 14.8 9 57 0.260
336 2 8.2 10 57 0.144
337 1 16.0 9 48 0.333
337 2 29.5 8 48 0.615
338 1 75.0 10 21 3.571
338 2 23.0 12 21 1.095
339 1 5.8 9 27 0.215
339 2 8.2 8 27 0.304
340 1 14.0 9 89 0.157
340 2 13.0 7 89 0.146
341 1 29.7 9 179 0.166
341 2 21.3 9 179 0.119
342 1 67.5 26 264 0.256
342 2 34.6 25 264 0.131
343 1 29.8 12 237 0.126
343 2 48.7 9 237 0.205
344 1 14.2 8 75 0.189
344 2 13.1 7 75 0.175
345 1 20.2 13 48 0.421
345 2 36.2 13 48 0.754
346 1 53.7 10 32 1.678
346 2 40.1 7 32 1.253
347 1 38.8 16 32 1.212
347 2 15.4 16 32 0.481
348 1 59.5 10 50 1.190
348 2 43.0 11 50 0.860
349 1 59.0 7 140 0.421
349 2 51.0 9 140 0.364
350 1 55.4 10 43 1.288
350 2 43.5 10 43 1.012
351 1 45.1 27 260 0.173
351 2 68.5 28 260 0.263
352 1 23.0 9 45 0.511
352 2 29.0 9 45 0.644
353 1 40.0 12 121 0.331
353 2 59.5 14 121 0.492
354 1 15.4 10 25 0.616
354 2 24.4 11 25 0.976
355 1 31.4 7 77 0.408
355 2 31.4 6 77 0.408
356 1 114.6 13 216 0.531
356 2 111.4 15 216 0.516
357 1 16.2 9 30 0.540
357 2 12.4 7 30 0.413
358 1 22.0 12 61 0.361
358 2 20.6 11 61 0.338
359 1 50.5 17 40 1.262
359 2 17.5 15 40 0.438
360 1 55.6 16 268 0.207
360 2 61.2 15 268 0.228
361 1 14.6 10 36 0.406
361 2 9.8 7 36 0.272
362 1 17.0 9 89 0.191
362 2 27.5 12 89 0.309
363 1 25.3 8 74 0.342
363 2 21.7 11 74 0.293
364 1 15.4 8 81 0.190
364 2 20.2 7 81 0.249
365 1 8.7 10 46 0.189
365 2 21.3 8 46 0.463
366 1 52.7 11 76 0.693
366 2 15.3 9 76 0.201
367 1 24.4 10 181 0.135
367 2 31.0 11 181 0.171
368 1 20.8 9 213 0.098
368 2 26.2 10 213 0.123
369 1 52.0 8 149 0.349
369 2 40.0 9 149 0.268
370 1 19.7 7 71 0.277
370 2 18.0 6 71 0.254
371 1 8.0 7 34 0.235
371 2 16.0 9 34 0.471
372 1 44.4 10 242 0.183
372 2 90.6 11 242 0.374
373 1 182.5 23 211 0.865
373 2 140.5 21 211 0.666
374 1 20.6 10 73 0.282
374 2 17.8 8 73 0.244
375 1 49.0 14 183 0.268
375 2 61.0 11 183 0.333
376 1 29.8 10 41 0.727
376 2 26.2 9 41 0.639
377 1 26.2 7 28 0.936
377 2 26.2 7 28 0.936
378 1 28.2 9 104 0.271
378 2 17.0 8 104 0.163
379 1 10.0 7 25 0.400
379 2 26.5 8 25 1.060
380 1 19.9 9 100 0.199
380 2 15.7 6 100 0.157
381 1 36.2 7 28 1.293
381 2 12.2 8 28 0.436
382 1 19.0 8 108 0.176
382 2 41.5 10 108 0.384
383 1 21.3 9 55 0.387
383 2 8.7 9 55 0.158
384 1 12.0 11 21 0.571
384 2 19.7 8 21 0.938
385 1 46.6 10 40 1.165
385 2 28.6 8 40 0.715
386 1 14.8 9 57 0.260
386 2 8.2 10 57 0.144
387 1 16.0 9 48 0.333
387 2 29.5 8 48 0.615
388 1 75.0 10 21 3.571
388 2 23.0 12 21 1.095
389 1 5.8 9 27 0.215
389 2 8.2 8 27 0.304
390 1 14.0 9 89 0.157
390 2 13.0 7 89 0.146
391 1 29.7 9 179 0.166
391 2 21.3 9 179 0.119
392 1 67.5 26 264 0.256
392 2 34.6 25 264 0.131
393 1 29.8 12 237 0.126
393 2 48.7 9 237 0.205
394 1 14.2 8 75 0.189
394 2 13.1 7 75 0.175
395 1 20.2 13 48 0.421
395 2 36.2 13 48 0.754
396 1 53.7 10 32 1.678
396 2 40.1 7 32 1.253
397 1 38.8 16 32 1.212
397 2 15.4 16 32 0.481
398 1 59.5 10 50 1.190
398 2 43.0 11 50 0.860
399 1 59.0 7 140 0.421
399 2 51.0 9 140 0.364
400 1 55.4 10 43 1.288
400 2 43.5 10 43 1.012
401 1 45.1 27 260 0.173
401 2 68.5 28 260 0.263
402 1 23.0 9 45 0.511
402 2 29.0 9 45 0.644
403 1 40.0 12 121 0.331
403 2 59.5 14 121 0.492
404 1 15.4 10 25 0.616
404 2 24.4 11 25 0.976
405 1 31.4 7 77 0.408
405 2 31.4 6 77 0.408
406 1 114.6 13 216 0.531
406 2 111.4 15 216 0.516
407 1 16.2 9 30 0.540
407 2 12.4 7 30 0.413
408 1 22.0 12 61 0.361
408 2 20.6 11 61 0.338
409 1 50.5 17 40 1.262
409 2 17.5 15 40 0.438
410 1 55.6 16 268 0.207
410 2 61.2 15 268 0.228
411 1 14.6 10 36 0.406
411 2 9.8 7 36 0.272
412 1 17.0 9 89 0.191
412 2 27.5 12 89 0.309
413 1 25.3 8 74 0.342
413 2 21.7 11 74 0.293
414 1 15.4 8 81 0.190
414 2 20.2 7 81 0.249
415 1 8.7 10 46 0.189
415 2 21.3 8 46 0.463
416 1 52.7 11 76 0.693
416 2 15.3 9 76 0.201
417 1 24.4 10 181 0.135
417 2 31.0 11 181 0.171
418 1 20.8 9 213 0.098
418 2 26.2 10 213 0.123
419 1 52.0 8 149 0.349
419 2 40.0 9 149 0.268
420 1 19.7 7 71 0.277
420 2 18.0 6 71 0.254
421 1 8.0 7 34 0.235
421 2 16.0 9 34 0.471
422 1 44.4 10 242 0.183
422 2 90.6 11 242 0.374
423 1 182.5 23 211 0.865
423 2 140.5 21 211 0.666
424 1 20.6 10 73 0.282
424 2 17.8 8 73 0.244
425 1 49.0 14 183 0.268
425 2 61.0 11 183 0.333
426 1 29.8 10 41 0.727
426 2 26.2 9 41 0.639
427 1 26.2 7 28 0.936
427 2 26.2 7 28 0.936
428 1 28.2 9 104 0.271
428 2 17.0 8 104 0.163
429 1 10.0 7 25 0.400
429 2 26.5 8 25 1.060
430 1 19.9 9 100 0.199
430 2 15.7 6 100 0.157
431 1 36.2 7 28 1.293
431 2 12.2 8 28 0.436
432 1 19.0 8 108 0.176
432 2 41.5 10 108 0.384
433 1 21.3 9 55 0.387
433 2 8.7 9 55 0.158
434 1 12.0 11 21 0.571
434 2 19.7 8 21 0.938
435 1 46.6 10 40 1.165
435 2 28.6 8 40 0.715
436 1 14.8 9 57 0.260
436 2 8.2 10 57 0.144
437 1 16.0 9 48 0.333
437 2 29.5 8 48 0.615
438 1 75.0 10 21 3.571
438 2 23.0 12 21 1.095
439 1 5.8 9 27 0.215
439 2 8.2 8 27 0.304
440 1 14.0 9 89 0.157
440 2 13.0 7 89 0.146
441 1 29.7 9 179 0.166
441 2 21.3 9 179 0.119
442 1 67.5 26 264 0.256
442 2 34.6 25 264 0.131
443 1 29.8 12 237 0.126
443 2 48.7 9 237 0.205
444 1 14.2 8 75 0.189
444 2 13.1 7 75 0.175
445 1 20.2 13 48 0.421
445 2 36.2 13 48 0.754
446 1 53.7 10 32 1.678
446 2 40.1 7 32 1.253
447 1 38.8 16 32 1.212
447 2 15.4 16 32 0.481
448 1 59.5 10 50 1.190
448 2 43.0 11 50 0.860
449 1 59.0 7 140 0.421
449 2 51.0 9 140 0.364
450 1 55.4 10 43 1.288
450 2 43.5 10 43 1.012
451 1 45.1 27 260 0.173
451 2 68.5 28 260 0.263
452 1 23.0 9 45 0.511
452 2 29.0 9 45 0.644
453 1 40.0 12 121 0.331
453 2 59.5 14 121 0.492
454 1 15.4 10 25 0.616
454 2 24.4 11 25 0.976
455 1 31.4 7 77 0.408
455 2 31.4 6 77 0.408
456 1 114.6 13 216 0.531
456 2 111.4 15 216 0.516
457 1 16.2 9 30 0.540
457 2 12.4 7 30 0.413
458 1 22.0 12 61 0.361
458 2 20.6 11 61 0.338
459 1 50.5 17 40 1.262
459 2 17.5 15 40 0.438
460 1 55.6 16 268 0.207
460 2 61.2 15 268 0.228
461 1 14.6 10 36 0.406
461 2 9.8 7 36 0.272
462 1 17.0 9 89 0.191
462 2 27.5 12 89 0.309
463 1 25.3 8 74 0.342
463 2 21.7 11 74 0.293
464 1 15.4 8 81 0.190
464 2 20.2 7 81 0.249
465 1 8.7 10 46 0.189
465 2 21.3 8 46 0.463
466 1 52.7 11 76 0.693
466 2 15.3 9 76 0.201
467 1 24.4 10 181 0.135
467 2 31.0 11 181 0.171
468 1 20.8 9 213 0.098
468 2 26.2 10 213 0.123
469 1 52.0 8 149 0.349
469 2 40.0 9 149 0.268
470 1 19.7 7 71 0.277
470 2 18.0 6 71 0.254
471 1 8.0 7 34 0.235
471 2 16.0 9 34 0.471
472 1 44.4 10 242 0.183
472 2 90.6 11 242 0.374
473 1 182.5 23 211 0.865
473 2 140.5 21 211 0.666
474 1 20.6 10 73 0.282
474 2 17.8 8 73 0.244
475 1 49.0 14 183 0.268
475 2 61.0 11 183 0.333
476 1 29.8 10 41 0.727
476 2 26.2 9 41 0.639
477 1 26.2 7 28 0.936
477 2 26.2 7 28 0.936
478 1 28.2 9 104 0.271
478 2 17.0 8 104 0.163
479 1 10.0 7 25 0.400
479 2 26.5 8 25 1.060
480 1 19.9 9 100 0.199
480 2 15.7 6 100 0.157
481 1 36.2 7 28 1.293
481 2 12.2 8 28 0.436
482 1 19.0 8 108 0.176
482 2 41.5 10 108 0.384
483 1 21.3 9 55 0.387
483 2 8.7 9 55 0.158
484 1 12.0 11 21 0.571
484 2 19.7 8 21 0.938
485 1 46.6 10 40 1.165
485 2 28.6 8 40 0.715
486 1 14.8 9 57 0.260
486 2 8.2 10 57 0.144
487 1 16.0 9 48 0.333
487 2 29.5 8 48 0.615
488 1 75.0 10 21 3.571
488 2 23.0 12 21 1.095
489 1 5.8 9 27 0.215
489 2 8.2 8 27 0.304
490 1 14.0 9 89 0.157
490 2 13.0 7 89 0.146
491 1 29.7 9 179 0.166
491 2 21.3 9 179 0.119
492 1 67.5 26 264 0.256
492 2 34.6 25 264 0.131
493 1 29.8 12 237 0.126
493 2 48.7 9 237 0.205
494 1 14.2 8 75 0.189
494 2 13.1 7 75 0.175
495 1 20.2 13 48 0.421
495 2 36.2 13 48 0.754
496 1 53.7 10 32 1.678
496 2 40.1 7 32 1.253
497 1 38.8 16 32 1.212
497 2 15.4 16 32 0.481
498 1 59.5 10 50 1.190
498 2 43.0 11 50 0.860
499 1 59.0 7 140 0.421
499 2 51.0 9 140 0.364
500 1 55.4 10 43 1.288
500 2 43.5 10 43 1.012
