40
2
135
135
1 1 41.8 6
1 2 93.1 9
2 1 98.8 10
2 2 60.8 10
3 1 40.6 9
3 2 36.4 6
4 1 36.0 12
4 2 55.2 12
5 1 7.0 8
5 2 17.0 7
6 1 38.4 15
6 2 13.6 14
7 1 163.4 12
7 2 102.6 14
8 1 38.0 7
8 2 38.0 7
9 1 64.0 6
9 2 28.0 6
10 1 24.5 7
10 2 25.9 6
11 1 35.2 7
11 2 9.9 5
12 1 32.2 8
12 2 60.2 9
13 1 84.0 6
13 2 48.0 6
14 1 49.3 8
14 2 71.4 7
15 1 21.0 7
15 2 38.0 6
16 1 19.8 6
16 2 16.8 5
17 1 43.2 6
17 2 50.4 8
18 1 45.6 18
18 2 74.4 18
19 1 89.3 8
19 2 53.2 7
20 1 36.0 9
20 2 54.0 9
21 1 22.0 6
21 2 25.0 7
22 1 7.0 4
22 2 25.9 7
23 1 26.6 4
23 2 51.3 5
24 1 21.7 7
24 2 16.8 7
25 1 68.0 8
25 2 74.0 7
26 1 21.6 6
26 2 26.4 6
27 1 25.3 6
27 2 14.3 4
28 1 16.2 5
28 2 50.4 6
29 1 10.0 8
29 2 34.0 8
30 1 40.5 5
30 2 45.0 7
31 1 29.0 6
31 2 25.0 4
32 1 122.0 24
32 2 110.0 21
33 1 59.0 9
33 2 50.0 9
34 1 13.8 4
34 2 8.4 7
35 1 36.9 7
35 2 10.8 6
36 1 44.2 10
36 2 20.8 12
37 1 5.0 6
37 2 9.5 5
38 1 58.9 9
38 2 58.9 9
39 1 28.5 6
39 2 42.0 5
40 1 12.8 6
40 2 35.2 8
1 44
2 120
3 24
4 215
5 60
6 39
7 267
8 35
9 88
10 73
11 45
12 75
13 180
14 212
15 148
16 33
17 241
18 210
19 72
20 182
21 40
22 24
23 27
24 107
25 20
26 39
27 56
28 47
29 20
30 26
31 178
32 263
33 236
34 74
35 67
36 47
37 49
38 49
39 139
40 42
