40
2
135
135
1 1 41.8 6 44 0.950
1 2 93.1 9 44 2.116
2 1 98.8 10 120 0.823
2 2 60.8 10 120 0.507
3 1 40.6 9 24 1.692
3 2 36.4 6 24 1.517
4 1 36.0 12 215 0.167
4 2 55.2 12 215 0.257
5 1 7.0 8 60 0.117
5 2 17.0 7 60 0.283
6 1 38.4 15 39 0.985
6 2 13.6 14 39 0.349
7 1 163.4 12 267 0.612
7 2 102.6 14 267 0.384
8 1 38.0 7 35 1.086
8 2 38.0 7 35 1.086
9 1 64.0 6 88 0.727
9 2 28.0 6 88 0.318
10 1 24.5 7 73 0.336
10 2 25.9 6 73 0.355
11 1 35.2 7 45 0.782
11 2 9.9 5 45 0.220
12 1 32.2 8 75 0.429
12 2 60.2 9 75 0.803
13 1 84.0 6 180 0.467
13 2 48.0 6 180 0.267
14 1 49.3 8 212 0.233
14 2 71.4 7 212 0.337
15 1 21.0 7 148 0.142
15 2 38.0 6 148 0.257
16 1 19.8 6 33 0.600
16 2 16.8 5 33 0.509
17 1 43.2 6 241 0.179
17 2 50.4 8 241 0.209
18 1 45.6 18 210 0.217
18 2 74.4 18 210 0.354
19 1 89.3 8 72 1.240
19 2 53.2 7 72 0.739
20 1 36.0 9 182 0.198
20 2 54.0 9 182 0.297
21 1 22.0 6 40 0.550
21 2 25.0 7 40 0.625
22 1 7.0 4 24 0.292
22 2 25.9 7 24 1.079
23 1 26.6 4 27 0.985
23 2 51.3 5 27 1.900
24 1 21.7 7 107 0.203
24 2 16.8 7 107 0.157
25 1 68.0 8 20 3.400
25 2 74.0 7 20 3.700
26 1 21.6 6 39 0.554
26 2 26.4 6 39 0.677
27 1 25.3 6 56 0.452
27 2 14.3 4 56 0.255
28 1 16.2 5 47 0.345
28 2 50.4 6 47 1.072
29 1 10.0 8 20 0.500
29 2 34.0 8 20 1.700
30 1 40.5 5 26 1.558
30 2 45.0 7 26 1.731
31 1 29.0 6 178 0.163
31 2 25.0 4 178 0.140
32 1 122.0 24 263 0.464
32 2 110.0 21 263 0.418
33 1 59.0 9 236 0.250
33 2 50.0 9 236 0.212
34 1 13.8 4 74 0.186
34 2 8.4 7 74 0.114
35 1 36.9 7 67 0.551
35 2 10.8 6 67 0.161
36 1 44.2 10 47 0.940
36 2 20.8 12 47 0.443
37 1 5.0 6 49 0.102
37 2 9.5 5 49 0.194
38 1 58.9 9 49 1.202
38 2 58.9 9 49 1.202
39 1 28.5 6 139 0.205
39 2 42.0 5 139 0.302
40 1 12.8 6 42 0.305
40 2 35.2 8 42 0.838
