1000
2
3300
3300
1 1 46.1 28
1 2 69.5 29
2 1 24.0 10
2 2 30.0 10
3 1 41.0 13
3 2 60.5 15
4 1 16.4 11
4 2 25.4 12
5 1 32.4 8
5 2 32.4 7
6 1 115.6 14
6 2 112.4 16
7 1 17.2 10
7 2 13.4 8
8 1 23.0 13
8 2 21.6 12
9 1 51.5 18
9 2 18.5 16
10 1 56.6 17
10 2 62.2 16
11 1 15.6 11
11 2 10.8 8
12 1 18.0 10
12 2 28.5 13
13 1 26.3 9
13 2 22.7 12
14 1 16.4 9
14 2 21.2 8
15 1 9.7 11
15 2 22.3 9
16 1 53.7 12
16 2 16.3 10
17 1 25.4 11
17 2 32.0 12
18 1 21.8 10
18 2 27.2 11
19 1 53.0 9
19 2 41.0 10
20 1 20.7 8
20 2 19.0 7
21 1 9.0 8
21 2 17.0 10
22 1 45.4 11
22 2 91.6 12
23 1 183.5 24
23 2 141.5 22
24 1 21.6 11
24 2 18.8 9
25 1 50.0 15
25 2 62.0 12
26 1 30.8 11
26 2 27.2 10
27 1 27.2 8
27 2 27.2 8
28 1 29.2 10
28 2 18.0 9
29 1 11.0 8
29 2 27.5 9
30 1 20.9 10
30 2 16.7 7
31 1 37.2 8
31 2 13.2 9
32 1 20.0 9
32 2 42.5 11
33 1 22.3 10
33 2 9.7 10
34 1 13.0 12
34 2 20.7 9
35 1 47.6 11
35 2 29.6 9
36 1 15.8 10
36 2 9.2 11
37 1 17.0 10
37 2 30.5 9
38 1 76.0 11
38 2 24.0 13
39 1 6.8 10
39 2 9.2 9
40 1 15.0 10
40 2 14.0 8
41 1 30.7 10
41 2 22.3 10
42 1 68.5 27
42 2 35.6 26
43 1 30.8 13
43 2 49.7 10
44 1 15.2 9
44 2 14.1 8
45 1 21.2 14
45 2 37.2 14
46 1 54.7 11
46 2 41.1 8
47 1 39.8 17
47 2 16.4 17
48 1 60.5 11
48 2 44.0 12
49 1 60.0 8
49 2 52.0 10
50 1 56.4 11
50 2 44.5 11
51 1 46.1 28
51 2 69.5 29
52 1 24.0 10
52 2 30.0 10
53 1 41.0 13
53 2 60.5 15
54 1 16.4 11
54 2 25.4 12
55 1 32.4 8
55 2 32.4 7
56 1 115.6 14
56 2 112.4 16
57 1 17.2 10
57 2 13.4 8
58 1 23.0 13
58 2 21.6 12
59 1 51.5 18
59 2 18.5 16
60 1 56.6 17
60 2 62.2 16
61 1 15.6 11
61 2 10.8 8
62 1 18.0 10
62 2 28.5 13
63 1 26.3 9
63 2 22.7 12
64 1 16.4 9
64 2 21.2 8
65 1 9.7 11
65 2 22.3 9
66 1 53.7 12
66 2 16.3 10
67 1 25.4 11
67 2 32.0 12
68 1 21.8 10
68 2 27.2 11
69 1 53.0 9
69 2 41.0 10
70 1 20.7 8
70 2 19.0 7
71 1 9.0 8
71 2 17.0 10
72 1 45.4 11
72 2 91.6 12
73 1 183.5 24
73 2 141.5 22
74 1 21.6 11
74 2 18.8 9
75 1 50.0 15
75 2 62.0 12
76 1 30.8 11
76 2 27.2 10
77 1 27.2 8
77 2 27.2 8
78 1 29.2 10
78 2 18.0 9
79 1 11.0 8
79 2 27.5 9
80 1 20.9 10
80 2 16.7 7
81 1 37.2 8
81 2 13.2 9
82 1 20.0 9
82 2 42.5 11
83 1 22.3 10
83 2 9.7 10
84 1 13.0 12
84 2 20.7 9
85 1 47.6 11
85 2 29.6 9
86 1 15.8 10
86 2 9.2 11
87 1 17.0 10
87 2 30.5 9
88 1 76.0 11
88 2 24.0 13
89 1 6.8 10
89 2 9.2 9
90 1 15.0 10
90 2 14.0 8
91 1 30.7 10
91 2 22.3 10
92 1 68.5 27
92 2 35.6 26
93 1 30.8 13
93 2 49.7 10
94 1 15.2 9
94 2 14.1 8
95 1 21.2 14
95 2 37.2 14
96 1 54.7 11
96 2 41.1 8
97 1 39.8 17
97 2 16.4 17
98 1 60.5 11
98 2 44.0 12
99 1 60.0 8
99 2 52.0 10
100 1 56.4 11
100 2 44.5 11
101 1 46.1 28
101 2 69.5 29
102 1 24.0 10
102 2 30.0 10
103 1 41.0 13
103 2 60.5 15
104 1 16.4 11
104 2 25.4 12
105 1 32.4 8
105 2 32.4 7
106 1 115.6 14
106 2 112.4 16
107 1 17.2 10
107 2 13.4 8
108 1 23.0 13
108 2 21.6 12
109 1 51.5 18
109 2 18.5 16
110 1 56.6 17
110 2 62.2 16
111 1 15.6 11
111 2 10.8 8
112 1 18.0 10
112 2 28.5 13
113 1 26.3 9
113 2 22.7 12
114 1 16.4 9
114 2 21.2 8
115 1 9.7 11
115 2 22.3 9
116 1 53.7 12
116 2 16.3 10
117 1 25.4 11
117 2 32.0 12
118 1 21.8 10
118 2 27.2 11
119 1 53.0 9
119 2 41.0 10
120 1 20.7 8
120 2 19.0 7
121 1 9.0 8
121 2 17.0 10
122 1 45.4 11
122 2 91.6 12
123 1 183.5 24
123 2 141.5 22
124 1 21.6 11
124 2 18.8 9
125 1 50.0 15
125 2 62.0 12
126 1 30.8 11
126 2 27.2 10
127 1 27.2 8
127 2 27.2 8
128 1 29.2 10
128 2 18.0 9
129 1 11.0 8
129 2 27.5 9
130 1 20.9 10
130 2 16.7 7
131 1 37.2 8
131 2 13.2 9
132 1 20.0 9
132 2 42.5 11
133 1 22.3 10
133 2 9.7 10
134 1 13.0 12
134 2 20.7 9
135 1 47.6 11
135 2 29.6 9
136 1 15.8 10
136 2 9.2 11
137 1 17.0 10
137 2 30.5 9
138 1 76.0 11
138 2 24.0 13
139 1 6.8 10
139 2 9.2 9
140 1 15.0 10
140 2 14.0 8
141 1 30.7 10
141 2 22.3 10
142 1 68.5 27
142 2 35.6 26
143 1 30.8 13
143 2 49.7 10
144 1 15.2 9
144 2 14.1 8
145 1 21.2 14
145 2 37.2 14
146 1 54.7 11
146 2 41.1 8
147 1 39.8 17
147 2 16.4 17
148 1 60.5 11
148 2 44.0 12
149 1 60.0 8
149 2 52.0 10
150 1 56.4 11
150 2 44.5 11
151 1 46.1 28
151 2 69.5 29
152 1 24.0 10
152 2 30.0 10
153 1 41.0 13
153 2 60.5 15
154 1 16.4 11
154 2 25.4 12
155 1 32.4 8
155 2 32.4 7
156 1 115.6 14
156 2 112.4 16
157 1 17.2 10
157 2 13.4 8
158 1 23.0 13
158 2 21.6 12
159 1 51.5 18
159 2 18.5 16
160 1 56.6 17
160 2 62.2 16
161 1 15.6 11
161 2 10.8 8
162 1 18.0 10
162 2 28.5 13
163 1 26.3 9
163 2 22.7 12
164 1 16.4 9
164 2 21.2 8
165 1 9.7 11
165 2 22.3 9
166 1 53.7 12
166 2 16.3 10
167 1 25.4 11
167 2 32.0 12
168 1 21.8 10
168 2 27.2 11
169 1 53.0 9
169 2 41.0 10
170 1 20.7 8
170 2 19.0 7
171 1 9.0 8
171 2 17.0 10
172 1 45.4 11
172 2 91.6 12
173 1 183.5 24
173 2 141.5 22
174 1 21.6 11
174 2 18.8 9
175 1 50.0 15
175 2 62.0 12
176 1 30.8 11
176 2 27.2 10
177 1 27.2 8
177 2 27.2 8
178 1 29.2 10
178 2 18.0 9
179 1 11.0 8
179 2 27.5 9
180 1 20.9 10
180 2 16.7 7
181 1 37.2 8
181 2 13.2 9
182 1 20.0 9
182 2 42.5 11
183 1 22.3 10
183 2 9.7 10
184 1 13.0 12
184 2 20.7 9
185 1 47.6 11
185 2 29.6 9
186 1 15.8 10
186 2 9.2 11
187 1 17.0 10
187 2 30.5 9
188 1 76.0 11
188 2 24.0 13
189 1 6.8 10
189 2 9.2 9
190 1 15.0 10
190 2 14.0 8
191 1 30.7 10
191 2 22.3 10
192 1 68.5 27
192 2 35.6 26
193 1 30.8 13
193 2 49.7 10
194 1 15.2 9
194 2 14.1 8
195 1 21.2 14
195 2 37.2 14
196 1 54.7 11
196 2 41.1 8
197 1 39.8 17
197 2 16.4 17
198 1 60.5 11
198 2 44.0 12
199 1 60.0 8
199 2 52.0 10
200 1 56.4 11
200 2 44.5 11
201 1 46.1 28
201 2 69.5 29
202 1 24.0 10
202 2 30.0 10
203 1 41.0 13
203 2 60.5 15
204 1 16.4 11
204 2 25.4 12
205 1 32.4 8
205 2 32.4 7
206 1 115.6 14
206 2 112.4 16
207 1 17.2 10
207 2 13.4 8
208 1 23.0 13
208 2 21.6 12
209 1 51.5 18
209 2 18.5 16
210 1 56.6 17
210 2 62.2 16
211 1 15.6 11
211 2 10.8 8
212 1 18.0 10
212 2 28.5 13
213 1 26.3 9
213 2 22.7 12
214 1 16.4 9
214 2 21.2 8
215 1 9.7 11
215 2 22.3 9
216 1 53.7 12
216 2 16.3 10
217 1 25.4 11
217 2 32.0 12
218 1 21.8 10
218 2 27.2 11
219 1 53.0 9
219 2 41.0 10
220 1 20.7 8
220 2 19.0 7
221 1 9.0 8
221 2 17.0 10
222 1 45.4 11
222 2 91.6 12
223 1 183.5 24
223 2 141.5 22
224 1 21.6 11
224 2 18.8 9
225 1 50.0 15
225 2 62.0 12
226 1 30.8 11
226 2 27.2 10
227 1 27.2 8
227 2 27.2 8
228 1 29.2 10
228 2 18.0 9
229 1 11.0 8
229 2 27.5 9
230 1 20.9 10
230 2 16.7 7
231 1 37.2 8
231 2 13.2 9
232 1 20.0 9
232 2 42.5 11
233 1 22.3 10
233 2 9.7 10
234 1 13.0 12
234 2 20.7 9
235 1 47.6 11
235 2 29.6 9
236 1 15.8 10
236 2 9.2 11
237 1 17.0 10
237 2 30.5 9
238 1 76.0 11
238 2 24.0 13
239 1 6.8 10
239 2 9.2 9
240 1 15.0 10
240 2 14.0 8
241 1 30.7 10
241 2 22.3 10
242 1 68.5 27
242 2 35.6 26
243 1 30.8 13
243 2 49.7 10
244 1 15.2 9
244 2 14.1 8
245 1 21.2 14
245 2 37.2 14
246 1 54.7 11
246 2 41.1 8
247 1 39.8 17
247 2 16.4 17
248 1 60.5 11
248 2 44.0 12
249 1 60.0 8
249 2 52.0 10
250 1 56.4 11
250 2 44.5 11
251 1 46.1 28
251 2 69.5 29
252 1 24.0 10
252 2 30.0 10
253 1 41.0 13
253 2 60.5 15
254 1 16.4 11
254 2 25.4 12
255 1 32.4 8
255 2 32.4 7
256 1 115.6 14
256 2 112.4 16
257 1 17.2 10
257 2 13.4 8
258 1 23.0 13
258 2 21.6 12
259 1 51.5 18
259 2 18.5 16
260 1 56.6 17
260 2 62.2 16
261 1 15.6 11
261 2 10.8 8
262 1 18.0 10
262 2 28.5 13
263 1 26.3 9
263 2 22.7 12
264 1 16.4 9
264 2 21.2 8
265 1 9.7 11
265 2 22.3 9
266 1 53.7 12
266 2 16.3 10
267 1 25.4 11
267 2 32.0 12
268 1 21.8 10
268 2 27.2 11
269 1 53.0 9
269 2 41.0 10
270 1 20.7 8
270 2 19.0 7
271 1 9.0 8
271 2 17.0 10
272 1 45.4 11
272 2 91.6 12
273 1 183.5 24
273 2 141.5 22
274 1 21.6 11
274 2 18.8 9
275 1 50.0 15
275 2 62.0 12
276 1 30.8 11
276 2 27.2 10
277 1 27.2 8
277 2 27.2 8
278 1 29.2 10
278 2 18.0 9
279 1 11.0 8
279 2 27.5 9
280 1 20.9 10
280 2 16.7 7
281 1 37.2 8
281 2 13.2 9
282 1 20.0 9
282 2 42.5 11
283 1 22.3 10
283 2 9.7 10
284 1 13.0 12
284 2 20.7 9
285 1 47.6 11
285 2 29.6 9
286 1 15.8 10
286 2 9.2 11
287 1 17.0 10
287 2 30.5 9
288 1 76.0 11
288 2 24.0 13
289 1 6.8 10
289 2 9.2 9
290 1 15.0 10
290 2 14.0 8
291 1 30.7 10
291 2 22.3 10
292 1 68.5 27
292 2 35.6 26
293 1 30.8 13
293 2 49.7 10
294 1 15.2 9
294 2 14.1 8
295 1 21.2 14
295 2 37.2 14
296 1 54.7 11
296 2 41.1 8
297 1 39.8 17
297 2 16.4 17
298 1 60.5 11
298 2 44.0 12
299 1 60.0 8
299 2 52.0 10
300 1 56.4 11
300 2 44.5 11
301 1 46.1 28
301 2 69.5 29
302 1 24.0 10
302 2 30.0 10
303 1 41.0 13
303 2 60.5 15
304 1 16.4 11
304 2 25.4 12
305 1 32.4 8
305 2 32.4 7
306 1 115.6 14
306 2 112.4 16
307 1 17.2 10
307 2 13.4 8
308 1 23.0 13
308 2 21.6 12
309 1 51.5 18
309 2 18.5 16
310 1 56.6 17
310 2 62.2 16
311 1 15.6 11
311 2 10.8 8
312 1 18.0 10
312 2 28.5 13
313 1 26.3 9
313 2 22.7 12
314 1 16.4 9
314 2 21.2 8
315 1 9.7 11
315 2 22.3 9
316 1 53.7 12
316 2 16.3 10
317 1 25.4 11
317 2 32.0 12
318 1 21.8 10
318 2 27.2 11
319 1 53.0 9
319 2 41.0 10
320 1 20.7 8
320 2 19.0 7
321 1 9.0 8
321 2 17.0 10
322 1 45.4 11
322 2 91.6 12
323 1 183.5 24
323 2 141.5 22
324 1 21.6 11
324 2 18.8 9
325 1 50.0 15
325 2 62.0 12
326 1 30.8 11
326 2 27.2 10
327 1 27.2 8
327 2 27.2 8
328 1 29.2 10
328 2 18.0 9
329 1 11.0 8
329 2 27.5 9
330 1 20.9 10
330 2 16.7 7
331 1 37.2 8
331 2 13.2 9
332 1 20.0 9
332 2 42.5 11
333 1 22.3 10
333 2 9.7 10
334 1 13.0 12
334 2 20.7 9
335 1 47.6 11
335 2 29.6 9
336 1 15.8 10
336 2 9.2 11
337 1 17.0 10
337 2 30.5 9
338 1 76.0 11
338 2 24.0 13
339 1 6.8 10
339 2 9.2 9
340 1 15.0 10
340 2 14.0 8
341 1 30.7 10
341 2 22.3 10
342 1 68.5 27
342 2 35.6 26
343 1 30.8 13
343 2 49.7 10
344 1 15.2 9
344 2 14.1 8
345 1 21.2 14
345 2 37.2 14
346 1 54.7 11
346 2 41.1 8
347 1 39.8 17
347 2 16.4 17
348 1 60.5 11
348 2 44.0 12
349 1 60.0 8
349 2 52.0 10
350 1 56.4 11
350 2 44.5 11
351 1 46.1 28
351 2 69.5 29
352 1 24.0 10
352 2 30.0 10
353 1 41.0 13
353 2 60.5 15
354 1 16.4 11
354 2 25.4 12
355 1 32.4 8
355 2 32.4 7
356 1 115.6 14
356 2 112.4 16
357 1 17.2 10
357 2 13.4 8
358 1 23.0 13
358 2 21.6 12
359 1 51.5 18
359 2 18.5 16
360 1 56.6 17
360 2 62.2 16
361 1 15.6 11
361 2 10.8 8
362 1 18.0 10
362 2 28.5 13
363 1 26.3 9
363 2 22.7 12
364 1 16.4 9
364 2 21.2 8
365 1 9.7 11
365 2 22.3 9
366 1 53.7 12
366 2 16.3 10
367 1 25.4 11
367 2 32.0 12
368 1 21.8 10
368 2 27.2 11
369 1 53.0 9
369 2 41.0 10
370 1 20.7 8
370 2 19.0 7
371 1 9.0 8
371 2 17.0 10
372 1 45.4 11
372 2 91.6 12
373 1 183.5 24
373 2 141.5 22
374 1 21.6 11
374 2 18.8 9
375 1 50.0 15
375 2 62.0 12
376 1 30.8 11
376 2 27.2 10
377 1 27.2 8
377 2 27.2 8
378 1 29.2 10
378 2 18.0 9
379 1 11.0 8
379 2 27.5 9
380 1 20.9 10
380 2 16.7 7
381 1 37.2 8
381 2 13.2 9
382 1 20.0 9
382 2 42.5 11
383 1 22.3 10
383 2 9.7 10
384 1 13.0 12
384 2 20.7 9
385 1 47.6 11
385 2 29.6 9
386 1 15.8 10
386 2 9.2 11
387 1 17.0 10
387 2 30.5 9
388 1 76.0 11
388 2 24.0 13
389 1 6.8 10
389 2 9.2 9
390 1 15.0 10
390 2 14.0 8
391 1 30.7 10
391 2 22.3 10
392 1 68.5 27
392 2 35.6 26
393 1 30.8 13
393 2 49.7 10
394 1 15.2 9
394 2 14.1 8
395 1 21.2 14
395 2 37.2 14
396 1 54.7 11
396 2 41.1 8
397 1 39.8 17
397 2 16.4 17
398 1 60.5 11
398 2 44.0 12
399 1 60.0 8
399 2 52.0 10
400 1 56.4 11
400 2 44.5 11
401 1 46.1 28
401 2 69.5 29
402 1 24.0 10
402 2 30.0 10
403 1 41.0 13
403 2 60.5 15
404 1 16.4 11
404 2 25.4 12
405 1 32.4 8
405 2 32.4 7
406 1 115.6 14
406 2 112.4 16
407 1 17.2 10
407 2 13.4 8
408 1 23.0 13
408 2 21.6 12
409 1 51.5 18
409 2 18.5 16
410 1 56.6 17
410 2 62.2 16
411 1 15.6 11
411 2 10.8 8
412 1 18.0 10
412 2 28.5 13
413 1 26.3 9
413 2 22.7 12
414 1 16.4 9
414 2 21.2 8
415 1 9.7 11
415 2 22.3 9
416 1 53.7 12
416 2 16.3 10
417 1 25.4 11
417 2 32.0 12
418 1 21.8 10
418 2 27.2 11
419 1 53.0 9
419 2 41.0 10
420 1 20.7 8
420 2 19.0 7
421 1 9.0 8
421 2 17.0 10
422 1 45.4 11
422 2 91.6 12
423 1 183.5 24
423 2 141.5 22
424 1 21.6 11
424 2 18.8 9
425 1 50.0 15
425 2 62.0 12
426 1 30.8 11
426 2 27.2 10
427 1 27.2 8
427 2 27.2 8
428 1 29.2 10
428 2 18.0 9
429 1 11.0 8
429 2 27.5 9
430 1 20.9 10
430 2 16.7 7
431 1 37.2 8
431 2 13.2 9
432 1 20.0 9
432 2 42.5 11
433 1 22.3 10
433 2 9.7 10
434 1 13.0 12
434 2 20.7 9
435 1 47.6 11
435 2 29.6 9
436 1 15.8 10
436 2 9.2 11
437 1 17.0 10
437 2 30.5 9
438 1 76.0 11
438 2 24.0 13
439 1 6.8 10
439 2 9.2 9
440 1 15.0 10
440 2 14.0 8
441 1 30.7 10
441 2 22.3 10
442 1 68.5 27
442 2 35.6 26
443 1 30.8 13
443 2 49.7 10
444 1 15.2 9
444 2 14.1 8
445 1 21.2 14
445 2 37.2 14
446 1 54.7 11
446 2 41.1 8
447 1 39.8 17
447 2 16.4 17
448 1 60.5 11
448 2 44.0 12
449 1 60.0 8
449 2 52.0 10
450 1 56.4 11
450 2 44.5 11
451 1 46.1 28
451 2 69.5 29
452 1 24.0 10
452 2 30.0 10
453 1 41.0 13
453 2 60.5 15
454 1 16.4 11
454 2 25.4 12
455 1 32.4 8
455 2 32.4 7
456 1 115.6 14
456 2 112.4 16
457 1 17.2 10
457 2 13.4 8
458 1 23.0 13
458 2 21.6 12
459 1 51.5 18
459 2 18.5 16
460 1 56.6 17
460 2 62.2 16
461 1 15.6 11
461 2 10.8 8
462 1 18.0 10
462 2 28.5 13
463 1 26.3 9
463 2 22.7 12
464 1 16.4 9
464 2 21.2 8
465 1 9.7 11
465 2 22.3 9
466 1 53.7 12
466 2 16.3 10
467 1 25.4 11
467 2 32.0 12
468 1 21.8 10
468 2 27.2 11
469 1 53.0 9
469 2 41.0 10
470 1 20.7 8
470 2 19.0 7
471 1 9.0 8
471 2 17.0 10
472 1 45.4 11
472 2 91.6 12
473 1 183.5 24
473 2 141.5 22
474 1 21.6 11
474 2 18.8 9
475 1 50.0 15
475 2 62.0 12
476 1 30.8 11
476 2 27.2 10
477 1 27.2 8
477 2 27.2 8
478 1 29.2 10
478 2 18.0 9
479 1 11.0 8
479 2 27.5 9
480 1 20.9 10
480 2 16.7 7
481 1 37.2 8
481 2 13.2 9
482 1 20.0 9
482 2 42.5 11
483 1 22.3 10
483 2 9.7 10
484 1 13.0 12
484 2 20.7 9
485 1 47.6 11
485 2 29.6 9
486 1 15.8 10
486 2 9.2 11
487 1 17.0 10
487 2 30.5 9
488 1 76.0 11
488 2 24.0 13
489 1 6.8 10
489 2 9.2 9
490 1 15.0 10
490 2 14.0 8
491 1 30.7 10
491 2 22.3 10
492 1 68.5 27
492 2 35.6 26
493 1 30.8 13
493 2 49.7 10
494 1 15.2 9
494 2 14.1 8
495 1 21.2 14
495 2 37.2 14
496 1 54.7 11
496 2 41.1 8
497 1 39.8 17
497 2 16.4 17
498 1 60.5 11
498 2 44.0 12
499 1 60.0 8
499 2 52.0 10
500 1 56.4 11
500 2 44.5 11
501 1 46.1 28
501 2 69.5 29
502 1 24.0 10
502 2 30.0 10
503 1 41.0 13
503 2 60.5 15
504 1 16.4 11
504 2 25.4 12
505 1 32.4 8
505 2 32.4 7
506 1 115.6 14
506 2 112.4 16
507 1 17.2 10
507 2 13.4 8
508 1 23.0 13
508 2 21.6 12
509 1 51.5 18
509 2 18.5 16
510 1 56.6 17
510 2 62.2 16
511 1 15.6 11
511 2 10.8 8
512 1 18.0 10
512 2 28.5 13
513 1 26.3 9
513 2 22.7 12
514 1 16.4 9
514 2 21.2 8
515 1 9.7 11
515 2 22.3 9
516 1 53.7 12
516 2 16.3 10
517 1 25.4 11
517 2 32.0 12
518 1 21.8 10
518 2 27.2 11
519 1 53.0 9
519 2 41.0 10
520 1 20.7 8
520 2 19.0 7
521 1 9.0 8
521 2 17.0 10
522 1 45.4 11
522 2 91.6 12
523 1 183.5 24
523 2 141.5 22
524 1 21.6 11
524 2 18.8 9
525 1 50.0 15
525 2 62.0 12
526 1 30.8 11
526 2 27.2 10
527 1 27.2 8
527 2 27.2 8
528 1 29.2 10
528 2 18.0 9
529 1 11.0 8
529 2 27.5 9
530 1 20.9 10
530 2 16.7 7
531 1 37.2 8
531 2 13.2 9
532 1 20.0 9
532 2 42.5 11
533 1 22.3 10
533 2 9.7 10
534 1 13.0 12
534 2 20.7 9
535 1 47.6 11
535 2 29.6 9
536 1 15.8 10
536 2 9.2 11
537 1 17.0 10
537 2 30.5 9
538 1 76.0 11
538 2 24.0 13
539 1 6.8 10
539 2 9.2 9
540 1 15.0 10
540 2 14.0 8
541 1 30.7 10
541 2 22.3 10
542 1 68.5 27
542 2 35.6 26
543 1 30.8 13
543 2 49.7 10
544 1 15.2 9
544 2 14.1 8
545 1 21.2 14
545 2 37.2 14
546 1 54.7 11
546 2 41.1 8
547 1 39.8 17
547 2 16.4 17
548 1 60.5 11
548 2 44.0 12
549 1 60.0 8
549 2 52.0 10
550 1 56.4 11
550 2 44.5 11
551 1 46.1 28
551 2 69.5 29
552 1 24.0 10
552 2 30.0 10
553 1 41.0 13
553 2 60.5 15
554 1 16.4 11
554 2 25.4 12
555 1 32.4 8
555 2 32.4 7
556 1 115.6 14
556 2 112.4 16
557 1 17.2 10
557 2 13.4 8
558 1 23.0 13
558 2 21.6 12
559 1 51.5 18
559 2 18.5 16
560 1 56.6 17
560 2 62.2 16
561 1 15.6 11
561 2 10.8 8
562 1 18.0 10
562 2 28.5 13
563 1 26.3 9
563 2 22.7 12
564 1 16.4 9
564 2 21.2 8
565 1 9.7 11
565 2 22.3 9
566 1 53.7 12
566 2 16.3 10
567 1 25.4 11
567 2 32.0 12
568 1 21.8 10
568 2 27.2 11
569 1 53.0 9
569 2 41.0 10
570 1 20.7 8
570 2 19.0 7
571 1 9.0 8
571 2 17.0 10
572 1 45.4 11
572 2 91.6 12
573 1 183.5 24
573 2 141.5 22
574 1 21.6 11
574 2 18.8 9
575 1 50.0 15
575 2 62.0 12
576 1 30.8 11
576 2 27.2 10
577 1 27.2 8
577 2 27.2 8
578 1 29.2 10
578 2 18.0 9
579 1 11.0 8
579 2 27.5 9
580 1 20.9 10
580 2 16.7 7
581 1 37.2 8
581 2 13.2 9
582 1 20.0 9
582 2 42.5 11
583 1 22.3 10
583 2 9.7 10
584 1 13.0 12
584 2 20.7 9
585 1 47.6 11
585 2 29.6 9
586 1 15.8 10
586 2 9.2 11
587 1 17.0 10
587 2 30.5 9
588 1 76.0 11
588 2 24.0 13
589 1 6.8 10
589 2 9.2 9
590 1 15.0 10
590 2 14.0 8
591 1 30.7 10
591 2 22.3 10
592 1 68.5 27
592 2 35.6 26
593 1 30.8 13
593 2 49.7 10
594 1 15.2 9
594 2 14.1 8
595 1 21.2 14
595 2 37.2 14
596 1 54.7 11
596 2 41.1 8
597 1 39.8 17
597 2 16.4 17
598 1 60.5 11
598 2 44.0 12
599 1 60.0 8
599 2 52.0 10
600 1 56.4 11
600 2 44.5 11
601 1 46.1 28
601 2 69.5 29
602 1 24.0 10
602 2 30.0 10
603 1 41.0 13
603 2 60.5 15
604 1 16.4 11
604 2 25.4 12
605 1 32.4 8
605 2 32.4 7
606 1 115.6 14
606 2 112.4 16
607 1 17.2 10
607 2 13.4 8
608 1 23.0 13
608 2 21.6 12
609 1 51.5 18
609 2 18.5 16
610 1 56.6 17
610 2 62.2 16
611 1 15.6 11
611 2 10.8 8
612 1 18.0 10
612 2 28.5 13
613 1 26.3 9
613 2 22.7 12
614 1 16.4 9
614 2 21.2 8
615 1 9.7 11
615 2 22.3 9
616 1 53.7 12
616 2 16.3 10
617 1 25.4 11
617 2 32.0 12
618 1 21.8 10
618 2 27.2 11
619 1 53.0 9
619 2 41.0 10
620 1 20.7 8
620 2 19.0 7
621 1 9.0 8
621 2 17.0 10
622 1 45.4 11
622 2 91.6 12
623 1 183.5 24
623 2 141.5 22
624 1 21.6 11
624 2 18.8 9
625 1 50.0 15
625 2 62.0 12
626 1 30.8 11
626 2 27.2 10
627 1 27.2 8
627 2 27.2 8
628 1 29.2 10
628 2 18.0 9
629 1 11.0 8
629 2 27.5 9
630 1 20.9 10
630 2 16.7 7
631 1 37.2 8
631 2 13.2 9
632 1 20.0 9
632 2 42.5 11
633 1 22.3 10
633 2 9.7 10
634 1 13.0 12
634 2 20.7 9
635 1 47.6 11
635 2 29.6 9
636 1 15.8 10
636 2 9.2 11
637 1 17.0 10
637 2 30.5 9
638 1 76.0 11
638 2 24.0 13
639 1 6.8 10
639 2 9.2 9
640 1 15.0 10
640 2 14.0 8
641 1 30.7 10
641 2 22.3 10
642 1 68.5 27
642 2 35.6 26
643 1 30.8 13
643 2 49.7 10
644 1 15.2 9
644 2 14.1 8
645 1 21.2 14
645 2 37.2 14
646 1 54.7 11
646 2 41.1 8
647 1 39.8 17
647 2 16.4 17
648 1 60.5 11
648 2 44.0 12
649 1 60.0 8
649 2 52.0 10
650 1 56.4 11
650 2 44.5 11
651 1 46.1 28
651 2 69.5 29
652 1 24.0 10
652 2 30.0 10
653 1 41.0 13
653 2 60.5 15
654 1 16.4 11
654 2 25.4 12
655 1 32.4 8
655 2 32.4 7
656 1 115.6 14
656 2 112.4 16
657 1 17.2 10
657 2 13.4 8
658 1 23.0 13
658 2 21.6 12
659 1 51.5 18
659 2 18.5 16
660 1 56.6 17
660 2 62.2 16
661 1 15.6 11
661 2 10.8 8
662 1 18.0 10
662 2 28.5 13
663 1 26.3 9
663 2 22.7 12
664 1 16.4 9
664 2 21.2 8
665 1 9.7 11
665 2 22.3 9
666 1 53.7 12
666 2 16.3 10
667 1 25.4 11
667 2 32.0 12
668 1 21.8 10
668 2 27.2 11
669 1 53.0 9
669 2 41.0 10
670 1 20.7 8
670 2 19.0 7
671 1 9.0 8
671 2 17.0 10
672 1 45.4 11
672 2 91.6 12
673 1 183.5 24
673 2 141.5 22
674 1 21.6 11
674 2 18.8 9
675 1 50.0 15
675 2 62.0 12
676 1 30.8 11
676 2 27.2 10
677 1 27.2 8
677 2 27.2 8
678 1 29.2 10
678 2 18.0 9
679 1 11.0 8
679 2 27.5 9
680 1 20.9 10
680 2 16.7 7
681 1 37.2 8
681 2 13.2 9
682 1 20.0 9
682 2 42.5 11
683 1 22.3 10
683 2 9.7 10
684 1 13.0 12
684 2 20.7 9
685 1 47.6 11
685 2 29.6 9
686 1 15.8 10
686 2 9.2 11
687 1 17.0 10
687 2 30.5 9
688 1 76.0 11
688 2 24.0 13
689 1 6.8 10
689 2 9.2 9
690 1 15.0 10
690 2 14.0 8
691 1 30.7 10
691 2 22.3 10
692 1 68.5 27
692 2 35.6 26
693 1 30.8 13
693 2 49.7 10
694 1 15.2 9
694 2 14.1 8
695 1 21.2 14
695 2 37.2 14
696 1 54.7 11
696 2 41.1 8
697 1 39.8 17
697 2 16.4 17
698 1 60.5 11
698 2 44.0 12
699 1 60.0 8
699 2 52.0 10
700 1 56.4 11
700 2 44.5 11
701 1 46.1 28
701 2 69.5 29
702 1 24.0 10
702 2 30.0 10
703 1 41.0 13
703 2 60.5 15
704 1 16.4 11
704 2 25.4 12
705 1 32.4 8
705 2 32.4 7
706 1 115.6 14
706 2 112.4 16
707 1 17.2 10
707 2 13.4 8
708 1 23.0 13
708 2 21.6 12
709 1 51.5 18
709 2 18.5 16
710 1 56.6 17
710 2 62.2 16
711 1 15.6 11
711 2 10.8 8
712 1 18.0 10
712 2 28.5 13
713 1 26.3 9
713 2 22.7 12
714 1 16.4 9
714 2 21.2 8
715 1 9.7 11
715 2 22.3 9
716 1 53.7 12
716 2 16.3 10
717 1 25.4 11
717 2 32.0 12
718 1 21.8 10
718 2 27.2 11
719 1 53.0 9
719 2 41.0 10
720 1 20.7 8
720 2 19.0 7
721 1 9.0 8
721 2 17.0 10
722 1 45.4 11
722 2 91.6 12
723 1 183.5 24
723 2 141.5 22
724 1 21.6 11
724 2 18.8 9
725 1 50.0 15
725 2 62.0 12
726 1 30.8 11
726 2 27.2 10
727 1 27.2 8
727 2 27.2 8
728 1 29.2 10
728 2 18.0 9
729 1 11.0 8
729 2 27.5 9
730 1 20.9 10
730 2 16.7 7
731 1 37.2 8
731 2 13.2 9
732 1 20.0 9
732 2 42.5 11
733 1 22.3 10
733 2 9.7 10
734 1 13.0 12
734 2 20.7 9
735 1 47.6 11
735 2 29.6 9
736 1 15.8 10
736 2 9.2 11
737 1 17.0 10
737 2 30.5 9
738 1 76.0 11
738 2 24.0 13
739 1 6.8 10
739 2 9.2 9
740 1 15.0 10
740 2 14.0 8
741 1 30.7 10
741 2 22.3 10
742 1 68.5 27
742 2 35.6 26
743 1 30.8 13
743 2 49.7 10
744 1 15.2 9
744 2 14.1 8
745 1 21.2 14
745 2 37.2 14
746 1 54.7 11
746 2 41.1 8
747 1 39.8 17
747 2 16.4 17
748 1 60.5 11
748 2 44.0 12
749 1 60.0 8
749 2 52.0 10
750 1 56.4 11
750 2 44.5 11
751 1 46.1 28
751 2 69.5 29
752 1 24.0 10
752 2 30.0 10
753 1 41.0 13
753 2 60.5 15
754 1 16.4 11
754 2 25.4 12
755 1 32.4 8
755 2 32.4 7
756 1 115.6 14
756 2 112.4 16
757 1 17.2 10
757 2 13.4 8
758 1 23.0 13
758 2 21.6 12
759 1 51.5 18
759 2 18.5 16
760 1 56.6 17
760 2 62.2 16
761 1 15.6 11
761 2 10.8 8
762 1 18.0 10
762 2 28.5 13
763 1 26.3 9
763 2 22.7 12
764 1 16.4 9
764 2 21.2 8
765 1 9.7 11
765 2 22.3 9
766 1 53.7 12
766 2 16.3 10
767 1 25.4 11
767 2 32.0 12
768 1 21.8 10
768 2 27.2 11
769 1 53.0 9
769 2 41.0 10
770 1 20.7 8
770 2 19.0 7
771 1 9.0 8
771 2 17.0 10
772 1 45.4 11
772 2 91.6 12
773 1 183.5 24
773 2 141.5 22
774 1 21.6 11
774 2 18.8 9
775 1 50.0 15
775 2 62.0 12
776 1 30.8 11
776 2 27.2 10
777 1 27.2 8
777 2 27.2 8
778 1 29.2 10
778 2 18.0 9
779 1 11.0 8
779 2 27.5 9
780 1 20.9 10
780 2 16.7 7
781 1 37.2 8
781 2 13.2 9
782 1 20.0 9
782 2 42.5 11
783 1 22.3 10
783 2 9.7 10
784 1 13.0 12
784 2 20.7 9
785 1 47.6 11
785 2 29.6 9
786 1 15.8 10
786 2 9.2 11
787 1 17.0 10
787 2 30.5 9
788 1 76.0 11
788 2 24.0 13
789 1 6.8 10
789 2 9.2 9
790 1 15.0 10
790 2 14.0 8
791 1 30.7 10
791 2 22.3 10
792 1 68.5 27
792 2 35.6 26
793 1 30.8 13
793 2 49.7 10
794 1 15.2 9
794 2 14.1 8
795 1 21.2 14
795 2 37.2 14
796 1 54.7 11
796 2 41.1 8
797 1 39.8 17
797 2 16.4 17
798 1 60.5 11
798 2 44.0 12
799 1 60.0 8
799 2 52.0 10
800 1 56.4 11
800 2 44.5 11
801 1 46.1 28
801 2 69.5 29
802 1 24.0 10
802 2 30.0 10
803 1 41.0 13
803 2 60.5 15
804 1 16.4 11
804 2 25.4 12
805 1 32.4 8
805 2 32.4 7
806 1 115.6 14
806 2 112.4 16
807 1 17.2 10
807 2 13.4 8
808 1 23.0 13
808 2 21.6 12
809 1 51.5 18
809 2 18.5 16
810 1 56.6 17
810 2 62.2 16
811 1 15.6 11
811 2 10.8 8
812 1 18.0 10
812 2 28.5 13
813 1 26.3 9
813 2 22.7 12
814 1 16.4 9
814 2 21.2 8
815 1 9.7 11
815 2 22.3 9
816 1 53.7 12
816 2 16.3 10
817 1 25.4 11
817 2 32.0 12
818 1 21.8 10
818 2 27.2 11
819 1 53.0 9
819 2 41.0 10
820 1 20.7 8
820 2 19.0 7
821 1 9.0 8
821 2 17.0 10
822 1 45.4 11
822 2 91.6 12
823 1 183.5 24
823 2 141.5 22
824 1 21.6 11
824 2 18.8 9
825 1 50.0 15
825 2 62.0 12
826 1 30.8 11
826 2 27.2 10
827 1 27.2 8
827 2 27.2 8
828 1 29.2 10
828 2 18.0 9
829 1 11.0 8
829 2 27.5 9
830 1 20.9 10
830 2 16.7 7
831 1 37.2 8
831 2 13.2 9
832 1 20.0 9
832 2 42.5 11
833 1 22.3 10
833 2 9.7 10
834 1 13.0 12
834 2 20.7 9
835 1 47.6 11
835 2 29.6 9
836 1 15.8 10
836 2 9.2 11
837 1 17.0 10
837 2 30.5 9
838 1 76.0 11
838 2 24.0 13
839 1 6.8 10
839 2 9.2 9
840 1 15.0 10
840 2 14.0 8
841 1 30.7 10
841 2 22.3 10
842 1 68.5 27
842 2 35.6 26
843 1 30.8 13
843 2 49.7 10
844 1 15.2 9
844 2 14.1 8
845 1 21.2 14
845 2 37.2 14
846 1 54.7 11
846 2 41.1 8
847 1 39.8 17
847 2 16.4 17
848 1 60.5 11
848 2 44.0 12
849 1 60.0 8
849 2 52.0 10
850 1 56.4 11
850 2 44.5 11
851 1 46.1 28
851 2 69.5 29
852 1 24.0 10
852 2 30.0 10
853 1 41.0 13
853 2 60.5 15
854 1 16.4 11
854 2 25.4 12
855 1 32.4 8
855 2 32.4 7
856 1 115.6 14
856 2 112.4 16
857 1 17.2 10
857 2 13.4 8
858 1 23.0 13
858 2 21.6 12
859 1 51.5 18
859 2 18.5 16
860 1 56.6 17
860 2 62.2 16
861 1 15.6 11
861 2 10.8 8
862 1 18.0 10
862 2 28.5 13
863 1 26.3 9
863 2 22.7 12
864 1 16.4 9
864 2 21.2 8
865 1 9.7 11
865 2 22.3 9
866 1 53.7 12
866 2 16.3 10
867 1 25.4 11
867 2 32.0 12
868 1 21.8 10
868 2 27.2 11
869 1 53.0 9
869 2 41.0 10
870 1 20.7 8
870 2 19.0 7
871 1 9.0 8
871 2 17.0 10
872 1 45.4 11
872 2 91.6 12
873 1 183.5 24
873 2 141.5 22
874 1 21.6 11
874 2 18.8 9
875 1 50.0 15
875 2 62.0 12
876 1 30.8 11
876 2 27.2 10
877 1 27.2 8
877 2 27.2 8
878 1 29.2 10
878 2 18.0 9
879 1 11.0 8
879 2 27.5 9
880 1 20.9 10
880 2 16.7 7
881 1 37.2 8
881 2 13.2 9
882 1 20.0 9
882 2 42.5 11
883 1 22.3 10
883 2 9.7 10
884 1 13.0 12
884 2 20.7 9
885 1 47.6 11
885 2 29.6 9
886 1 15.8 10
886 2 9.2 11
887 1 17.0 10
887 2 30.5 9
888 1 76.0 11
888 2 24.0 13
889 1 6.8 10
889 2 9.2 9
890 1 15.0 10
890 2 14.0 8
891 1 30.7 10
891 2 22.3 10
892 1 68.5 27
892 2 35.6 26
893 1 30.8 13
893 2 49.7 10
894 1 15.2 9
894 2 14.1 8
895 1 21.2 14
895 2 37.2 14
896 1 54.7 11
896 2 41.1 8
897 1 39.8 17
897 2 16.4 17
898 1 60.5 11
898 2 44.0 12
899 1 60.0 8
899 2 52.0 10
900 1 56.4 11
900 2 44.5 11
901 1 46.1 28
901 2 69.5 29
902 1 24.0 10
902 2 30.0 10
903 1 41.0 13
903 2 60.5 15
904 1 16.4 11
904 2 25.4 12
905 1 32.4 8
905 2 32.4 7
906 1 115.6 14
906 2 112.4 16
907 1 17.2 10
907 2 13.4 8
908 1 23.0 13
908 2 21.6 12
909 1 51.5 18
909 2 18.5 16
910 1 56.6 17
910 2 62.2 16
911 1 15.6 11
911 2 10.8 8
912 1 18.0 10
912 2 28.5 13
913 1 26.3 9
913 2 22.7 12
914 1 16.4 9
914 2 21.2 8
915 1 9.7 11
915 2 22.3 9
916 1 53.7 12
916 2 16.3 10
917 1 25.4 11
917 2 32.0 12
918 1 21.8 10
918 2 27.2 11
919 1 53.0 9
919 2 41.0 10
920 1 20.7 8
920 2 19.0 7
921 1 9.0 8
921 2 17.0 10
922 1 45.4 11
922 2 91.6 12
923 1 183.5 24
923 2 141.5 22
924 1 21.6 11
924 2 18.8 9
925 1 50.0 15
925 2 62.0 12
926 1 30.8 11
926 2 27.2 10
927 1 27.2 8
927 2 27.2 8
928 1 29.2 10
928 2 18.0 9
929 1 11.0 8
929 2 27.5 9
930 1 20.9 10
930 2 16.7 7
931 1 37.2 8
931 2 13.2 9
932 1 20.0 9
932 2 42.5 11
933 1 22.3 10
933 2 9.7 10
934 1 13.0 12
934 2 20.7 9
935 1 47.6 11
935 2 29.6 9
936 1 15.8 10
936 2 9.2 11
937 1 17.0 10
937 2 30.5 9
938 1 76.0 11
938 2 24.0 13
939 1 6.8 10
939 2 9.2 9
940 1 15.0 10
940 2 14.0 8
941 1 30.7 10
941 2 22.3 10
942 1 68.5 27
942 2 35.6 26
943 1 30.8 13
943 2 49.7 10
944 1 15.2 9
944 2 14.1 8
945 1 21.2 14
945 2 37.2 14
946 1 54.7 11
946 2 41.1 8
947 1 39.8 17
947 2 16.4 17
948 1 60.5 11
948 2 44.0 12
949 1 60.0 8
949 2 52.0 10
950 1 56.4 11
950 2 44.5 11
951 1 46.1 28
951 2 69.5 29
952 1 24.0 10
952 2 30.0 10
953 1 41.0 13
953 2 60.5 15
954 1 16.4 11
954 2 25.4 12
955 1 32.4 8
955 2 32.4 7
956 1 115.6 14
956 2 112.4 16
957 1 17.2 10
957 2 13.4 8
958 1 23.0 13
958 2 21.6 12
959 1 51.5 18
959 2 18.5 16
960 1 56.6 17
960 2 62.2 16
961 1 15.6 11
961 2 10.8 8
962 1 18.0 10
962 2 28.5 13
963 1 26.3 9
963 2 22.7 12
964 1 16.4 9
964 2 21.2 8
965 1 9.7 11
965 2 22.3 9
966 1 53.7 12
966 2 16.3 10
967 1 25.4 11
967 2 32.0 12
968 1 21.8 10
968 2 27.2 11
969 1 53.0 9
969 2 41.0 10
970 1 20.7 8
970 2 19.0 7
971 1 9.0 8
971 2 17.0 10
972 1 45.4 11
972 2 91.6 12
973 1 183.5 24
973 2 141.5 22
974 1 21.6 11
974 2 18.8 9
975 1 50.0 15
975 2 62.0 12
976 1 30.8 11
976 2 27.2 10
977 1 27.2 8
977 2 27.2 8
978 1 29.2 10
978 2 18.0 9
979 1 11.0 8
979 2 27.5 9
980 1 20.9 10
980 2 16.7 7
981 1 37.2 8
981 2 13.2 9
982 1 20.0 9
982 2 42.5 11
983 1 22.3 10
983 2 9.7 10
984 1 13.0 12
984 2 20.7 9
985 1 47.6 11
985 2 29.6 9
986 1 15.8 10
986 2 9.2 11
987 1 17.0 10
987 2 30.5 9
988 1 76.0 11
988 2 24.0 13
989 1 6.8 10
989 2 9.2 9
990 1 15.0 10
990 2 14.0 8
991 1 30.7 10
991 2 22.3 10
992 1 68.5 27
992 2 35.6 26
993 1 30.8 13
993 2 49.7 10
994 1 15.2 9
994 2 14.1 8
995 1 21.2 14
995 2 37.2 14
996 1 54.7 11
996 2 41.1 8
997 1 39.8 17
997 2 16.4 17
998 1 60.5 11
998 2 44.0 12
999 1 60.0 8
999 2 52.0 10
1000 1 56.4 11
1000 2 44.5 11
1 261
2 46
3 122
4 26
5 78
6 217
7 31
8 62
9 41
10 269
11 37
12 90
13 75
14 82
15 47
16 77
17 182
18 214
19 150
20 72
21 35
22 243
23 212
24 74
25 184
26 42
27 29
28 105
29 26
30 101
31 29
32 109
33 56
34 22
35 41
36 58
37 49
38 22
39 28
40 90
41 180
42 265
43 238
44 76
45 49
46 33
47 33
48 51
49 141
50 44
51 261
52 46
53 122
54 26
55 78
56 217
57 31
58 62
59 41
60 269
61 37
62 90
63 75
64 82
65 47
66 77
67 182
68 214
69 150
70 72
71 35
72 243
73 212
74 74
75 184
76 42
77 29
78 105
79 26
80 101
81 29
82 109
83 56
84 22
85 41
86 58
87 49
88 22
89 28
90 90
91 180
92 265
93 238
94 76
95 49
96 33
97 33
98 51
99 141
100 44
101 261
102 46
103 122
104 26
105 78
106 217
107 31
108 62
109 41
110 269
111 37
112 90
113 75
114 82
115 47
116 77
117 182
118 214
119 150
120 72
121 35
122 243
123 212
124 74
125 184
126 42
127 29
128 105
129 26
130 101
131 29
132 109
133 56
134 22
135 41
136 58
137 49
138 22
139 28
140 90
141 180
142 265
143 238
144 76
145 49
146 33
147 33
148 51
149 141
150 44
151 261
152 46
153 122
154 26
155 78
156 217
157 31
158 62
159 41
160 269
161 37
162 90
163 75
164 82
165 47
166 77
167 182
168 214
169 150
170 72
171 35
172 243
173 212
174 74
175 184
176 42
177 29
178 105
179 26
180 101
181 29
182 109
183 56
184 22
185 41
186 58
187 49
188 22
189 28
190 90
191 180
192 265
193 238
194 76
195 49
196 33
197 33
198 51
199 141
200 44
201 261
202 46
203 122
204 26
205 78
206 217
207 31
208 62
209 41
210 269
211 37
212 90
213 75
214 82
215 47
216 77
217 182
218 214
219 150
220 72
221 35
222 243
223 212
224 74
225 184
226 42
227 29
228 105
229 26
230 101
231 29
232 109
233 56
234 22
235 41
236 58
237 49
238 22
239 28
240 90
241 180
242 265
243 238
244 76
245 49
246 33
247 33
248 51
249 141
250 44
251 261
252 46
253 122
254 26
255 78
256 217
257 31
258 62
259 41
260 269
261 37
262 90
263 75
264 82
265 47
266 77
267 182
268 214
269 150
270 72
271 35
272 243
273 212
274 74
275 184
276 42
277 29
278 105
279 26
280 101
281 29
282 109
283 56
284 22
285 41
286 58
287 49
288 22
289 28
290 90
291 180
292 265
293 238
294 76
295 49
296 33
297 33
298 51
299 141
300 44
301 261
302 46
303 122
304 26
305 78
306 217
307 31
308 62
309 41
310 269
311 37
312 90
313 75
314 82
315 47
316 77
317 182
318 214
319 150
320 72
321 35
322 243
323 212
324 74
325 184
326 42
327 29
328 105
329 26
330 101
331 29
332 109
333 56
334 22
335 41
336 58
337 49
338 22
339 28
340 90
341 180
342 265
343 238
344 76
345 49
346 33
347 33
348 51
349 141
350 44
351 261
352 46
353 122
354 26
355 78
356 217
357 31
358 62
359 41
360 269
361 37
362 90
363 75
364 82
365 47
366 77
367 182
368 214
369 150
370 72
371 35
372 243
373 212
374 74
375 184
376 42
377 29
378 105
379 26
380 101
381 29
382 109
383 56
384 22
385 41
386 58
387 49
388 22
389 28
390 90
391 180
392 265
393 238
394 76
395 49
396 33
397 33
398 51
399 141
400 44
401 261
402 46
403 122
404 26
405 78
406 217
407 31
408 62
409 41
410 269
411 37
412 90
413 75
414 82
415 47
416 77
417 182
418 214
419 150
420 72
421 35
422 243
423 212
424 74
425 184
426 42
427 29
428 105
429 26
430 101
431 29
432 109
433 56
434 22
435 41
436 58
437 49
438 22
439 28
440 90
441 180
442 265
443 238
444 76
445 49
446 33
447 33
448 51
449 141
450 44
451 261
452 46
453 122
454 26
455 78
456 217
457 31
458 62
459 41
460 269
461 37
462 90
463 75
464 82
465 47
466 77
467 182
468 214
469 150
470 72
471 35
472 243
473 212
474 74
475 184
476 42
477 29
478 105
479 26
480 101
481 29
482 109
483 56
484 22
485 41
486 58
487 49
488 22
489 28
490 90
491 180
492 265
493 238
494 76
495 49
496 33
497 33
498 51
499 141
500 44
501 261
502 46
503 122
504 26
505 78
506 217
507 31
508 62
509 41
510 269
511 37
512 90
513 75
514 82
515 47
516 77
517 182
518 214
519 150
520 72
521 35
522 243
523 212
524 74
525 184
526 42
527 29
528 105
529 26
530 101
531 29
532 109
533 56
534 22
535 41
536 58
537 49
538 22
539 28
540 90
541 180
542 265
543 238
544 76
545 49
546 33
547 33
548 51
549 141
550 44
551 261
552 46
553 122
554 26
555 78
556 217
557 31
558 62
559 41
560 269
561 37
562 90
563 75
564 82
565 47
566 77
567 182
568 214
569 150
570 72
571 35
572 243
573 212
574 74
575 184
576 42
577 29
578 105
579 26
580 101
581 29
582 109
583 56
584 22
585 41
586 58
587 49
588 22
589 28
590 90
591 180
592 265
593 238
594 76
595 49
596 33
597 33
598 51
599 141
600 44
601 261
602 46
603 122
604 26
605 78
606 217
607 31
608 62
609 41
610 269
611 37
612 90
613 75
614 82
615 47
616 77
617 182
618 214
619 150
620 72
621 35
622 243
623 212
624 74
625 184
626 42
627 29
628 105
629 26
630 101
631 29
632 109
633 56
634 22
635 41
636 58
637 49
638 22
639 28
640 90
641 180
642 265
643 238
644 76
645 49
646 33
647 33
648 51
649 141
650 44
651 261
652 46
653 122
654 26
655 78
656 217
657 31
658 62
659 41
660 269
661 37
662 90
663 75
664 82
665 47
666 77
667 182
668 214
669 150
670 72
671 35
672 243
673 212
674 74
675 184
676 42
677 29
678 105
679 26
680 101
681 29
682 109
683 56
684 22
685 41
686 58
687 49
688 22
689 28
690 90
691 180
692 265
693 238
694 76
695 49
696 33
697 33
698 51
699 141
700 44
701 261
702 46
703 122
704 26
705 78
706 217
707 31
708 62
709 41
710 269
711 37
712 90
713 75
714 82
715 47
716 77
717 182
718 214
719 150
720 72
721 35
722 243
723 212
724 74
725 184
726 42
727 29
728 105
729 26
730 101
731 29
732 109
733 56
734 22
735 41
736 58
737 49
738 22
739 28
740 90
741 180
742 265
743 238
744 76
745 49
746 33
747 33
748 51
749 141
750 44
751 261
752 46
753 122
754 26
755 78
756 217
757 31
758 62
759 41
760 269
761 37
762 90
763 75
764 82
765 47
766 77
767 182
768 214
769 150
770 72
771 35
772 243
773 212
774 74
775 184
776 42
777 29
778 105
779 26
780 101
781 29
782 109
783 56
784 22
785 41
786 58
787 49
788 22
789 28
790 90
791 180
792 265
793 238
794 76
795 49
796 33
797 33
798 51
799 141
800 44
801 261
802 46
803 122
804 26
805 78
806 217
807 31
808 62
809 41
810 269
811 37
812 90
813 75
814 82
815 47
816 77
817 182
818 214
819 150
820 72
821 35
822 243
823 212
824 74
825 184
826 42
827 29
828 105
829 26
830 101
831 29
832 109
833 56
834 22
835 41
836 58
837 49
838 22
839 28
840 90
841 180
842 265
843 238
844 76
845 49
846 33
847 33
848 51
849 141
850 44
851 261
852 46
853 122
854 26
855 78
856 217
857 31
858 62
859 41
860 269
861 37
862 90
863 75
864 82
865 47
866 77
867 182
868 214
869 150
870 72
871 35
872 243
873 212
874 74
875 184
876 42
877 29
878 105
879 26
880 101
881 29
882 109
883 56
884 22
885 41
886 58
887 49
888 22
889 28
890 90
891 180
892 265
893 238
894 76
895 49
896 33
897 33
898 51
899 141
900 44
901 261
902 46
903 122
904 26
905 78
906 217
907 31
908 62
909 41
910 269
911 37
912 90
913 75
914 82
915 47
916 77
917 182
918 214
919 150
920 72
921 35
922 243
923 212
924 74
925 184
926 42
927 29
928 105
929 26
930 101
931 29
932 109
933 56
934 22
935 41
936 58
937 49
938 22
939 28
940 90
941 180
942 265
943 238
944 76
945 49
946 33
947 33
948 51
949 141
950 44
951 261
952 46
953 122
954 26
955 78
956 217
957 31
958 62
959 41
960 269
961 37
962 90
963 75
964 82
965 47
966 77
967 182
968 214
969 150
970 72
971 35
972 243
973 212
974 74
975 184
976 42
977 29
978 105
979 26
980 101
981 29
982 109
983 56
984 22
985 41
986 58
987 49
988 22
989 28
990 90
991 180
992 265
993 238
994 76
995 49
996 33
997 33
998 51
999 141
1000 44
