1000
2
3300
3300
1 1 46.100000 28 261 0.107
1 2 69.500000 29 261 0.111
2 1 24.000000 10 46 0.217
2 2 30.000000 10 46 0.217
3 1 41.000000 13 122 0.107
3 2 60.500000 15 122 0.123
4 1 16.400000 11 26 0.423
4 2 25.400000 12 26 0.462
5 1 32.400000 8 78 0.103
5 2 32.400000 7 78 0.090
6 1 115.600000 14 217 0.065
6 2 112.400000 16 217 0.074
7 1 17.200000 10 31 0.323
7 2 13.400000 8 31 0.258
8 1 23.000000 13 62 0.210
8 2 21.600000 12 62 0.194
9 1 51.500000 18 41 0.439
9 2 18.500000 16 41 0.390
10 1 56.600000 17 269 0.063
10 2 62.200000 16 269 0.059
11 1 15.600000 11 37 0.297
11 2 10.800000 8 37 0.216
12 1 18.000000 10 90 0.111
12 2 28.500000 13 90 0.144
13 1 26.300000 9 75 0.120
13 2 22.700000 12 75 0.160
14 1 16.400000 9 82 0.110
14 2 21.200000 8 82 0.098
15 1 9.700000 11 47 0.234
15 2 22.300000 9 47 0.191
16 1 53.700000 12 77 0.156
16 2 16.300000 10 77 0.130
17 1 25.400000 11 182 0.060
17 2 32.000000 12 182 0.066
18 1 21.800000 10 214 0.047
18 2 27.200000 11 214 0.051
19 1 53.000000 9 150 0.060
19 2 41.000000 10 150 0.067
20 1 20.700000 8 72 0.111
20 2 19.000000 7 72 0.097
21 1 9.000000 8 35 0.229
21 2 17.000000 10 35 0.286
22 1 45.400000 11 243 0.045
22 2 91.600000 12 243 0.049
23 1 183.500000 24 212 0.113
23 2 141.500000 22 212 0.104
24 1 21.600000 11 74 0.149
24 2 18.800000 9 74 0.122
25 1 50.000000 15 184 0.082
25 2 62.000000 12 184 0.065
26 1 30.800000 11 42 0.262
26 2 27.200000 10 42 0.238
27 1 27.200000 8 29 0.276
27 2 27.200000 8 29 0.276
28 1 29.200000 10 105 0.095
28 2 18.000000 9 105 0.086
29 1 11.000000 8 26 0.308
29 2 27.500000 9 26 0.346
30 1 20.900000 10 101 0.099
30 2 16.700000 7 101 0.069
31 1 37.200000 8 29 0.276
31 2 13.200000 9 29 0.310
32 1 20.000000 9 109 0.083
32 2 42.500000 11 109 0.101
33 1 22.300000 10 56 0.179
33 2 9.700000 10 56 0.179
34 1 13.000000 12 22 0.545
34 2 20.700000 9 22 0.409
35 1 47.600000 11 41 0.268
35 2 29.600000 9 41 0.220
36 1 15.800000 10 58 0.172
36 2 9.200000 11 58 0.190
37 1 17.000000 10 49 0.204
37 2 30.500000 9 49 0.184
38 1 76.000000 11 22 0.500
38 2 24.000000 13 22 0.591
39 1 6.800000 10 28 0.357
39 2 9.200000 9 28 0.321
40 1 15.000000 10 90 0.111
40 2 14.000000 8 90 0.089
41 1 30.700000 10 180 0.056
41 2 22.300000 10 180 0.056
42 1 68.500000 27 265 0.102
42 2 35.600000 26 265 0.098
43 1 30.800000 13 238 0.055
43 2 49.700000 10 238 0.042
44 1 15.200000 9 76 0.118
44 2 14.100000 8 76 0.105
45 1 21.200000 14 49 0.286
45 2 37.200000 14 49 0.286
46 1 54.700000 11 33 0.333
46 2 41.100000 8 33 0.242
47 1 39.800000 17 33 0.515
47 2 16.400000 17 33 0.515
48 1 60.500000 11 51 0.216
48 2 44.000000 12 51 0.235
49 1 60.000000 8 141 0.057
49 2 52.000000 10 141 0.071
50 1 56.400000 11 44 0.250
50 2 44.500000 11 44 0.250
51 1 46.100000 28 261 0.107
51 2 69.500000 29 261 0.111
52 1 24.000000 10 46 0.217
52 2 30.000000 10 46 0.217
53 1 41.000000 13 122 0.107
53 2 60.500000 15 122 0.123
54 1 16.400000 11 26 0.423
54 2 25.400000 12 26 0.462
55 1 32.400000 8 78 0.103
55 2 32.400000 7 78 0.090
56 1 115.600000 14 217 0.065
56 2 112.400000 16 217 0.074
57 1 17.200000 10 31 0.323
57 2 13.400000 8 31 0.258
58 1 23.000000 13 62 0.210
58 2 21.600000 12 62 0.194
59 1 51.500000 18 41 0.439
59 2 18.500000 16 41 0.390
60 1 56.600000 17 269 0.063
60 2 62.200000 16 269 0.059
61 1 15.600000 11 37 0.297
61 2 10.800000 8 37 0.216
62 1 18.000000 10 90 0.111
62 2 28.500000 13 90 0.144
63 1 26.300000 9 75 0.120
63 2 22.700000 12 75 0.160
64 1 16.400000 9 82 0.110
64 2 21.200000 8 82 0.098
65 1 9.700000 11 47 0.234
65 2 22.300000 9 47 0.191
66 1 53.700000 12 77 0.156
66 2 16.300000 10 77 0.130
67 1 25.400000 11 182 0.060
67 2 32.000000 12 182 0.066
68 1 21.800000 10 214 0.047
68 2 27.200000 11 214 0.051
69 1 53.000000 9 150 0.060
69 2 41.000000 10 150 0.067
70 1 20.700000 8 72 0.111
70 2 19.000000 7 72 0.097
71 1 9.000000 8 35 0.229
71 2 17.000000 10 35 0.286
72 1 45.400000 11 243 0.045
72 2 91.600000 12 243 0.049
73 1 183.500000 24 212 0.113
73 2 141.500000 22 212 0.104
74 1 21.600000 11 74 0.149
74 2 18.800000 9 74 0.122
75 1 50.000000 15 184 0.082
75 2 62.000000 12 184 0.065
76 1 30.800000 11 42 0.262
76 2 27.200000 10 42 0.238
77 1 27.200000 8 29 0.276
77 2 27.200000 8 29 0.276
78 1 29.200000 10 105 0.095
78 2 18.000000 9 105 0.086
79 1 11.000000 8 26 0.308
79 2 27.500000 9 26 0.346
80 1 20.900000 10 101 0.099
80 2 16.700000 7 101 0.069
81 1 37.200000 8 29 0.276
81 2 13.200000 9 29 0.310
82 1 20.000000 9 109 0.083
82 2 42.500000 11 109 0.101
83 1 22.300000 10 56 0.179
83 2 9.700000 10 56 0.179
84 1 13.000000 12 22 0.545
84 2 20.700000 9 22 0.409
85 1 47.600000 11 41 0.268
85 2 29.600000 9 41 0.220
86 1 15.800000 10 58 0.172
86 2 9.200000 11 58 0.190
87 1 17.000000 10 49 0.204
87 2 30.500000 9 49 0.184
88 1 76.000000 11 22 0.500
88 2 24.000000 13 22 0.591
89 1 6.800000 10 28 0.357
89 2 9.200000 9 28 0.321
90 1 15.000000 10 90 0.111
90 2 14.000000 8 90 0.089
91 1 30.700000 10 180 0.056
91 2 22.300000 10 180 0.056
92 1 68.500000 27 265 0.102
92 2 35.600000 26 265 0.098
93 1 30.800000 13 238 0.055
93 2 49.700000 10 238 0.042
94 1 15.200000 9 76 0.118
94 2 14.100000 8 76 0.105
95 1 21.200000 14 49 0.286
95 2 37.200000 14 49 0.286
96 1 54.700000 11 33 0.333
96 2 41.100000 8 33 0.242
97 1 39.800000 17 33 0.515
97 2 16.400000 17 33 0.515
98 1 60.500000 11 51 0.216
98 2 44.000000 12 51 0.235
99 1 60.000000 8 141 0.057
99 2 52.000000 10 141 0.071
100 1 56.400000 11 44 0.250
100 2 44.500000 11 44 0.250
101 1 46.100000 28 261 0.107
101 2 69.500000 29 261 0.111
102 1 24.000000 10 46 0.217
102 2 30.000000 10 46 0.217
103 1 41.000000 13 122 0.107
103 2 60.500000 15 122 0.123
104 1 16.400000 11 26 0.423
104 2 25.400000 12 26 0.462
105 1 32.400000 8 78 0.103
105 2 32.400000 7 78 0.090
106 1 115.600000 14 217 0.065
106 2 112.400000 16 217 0.074
107 1 17.200000 10 31 0.323
107 2 13.400000 8 31 0.258
108 1 23.000000 13 62 0.210
108 2 21.600000 12 62 0.194
109 1 51.500000 18 41 0.439
109 2 18.500000 16 41 0.390
110 1 56.600000 17 269 0.063
110 2 62.200000 16 269 0.059
111 1 15.600000 11 37 0.297
111 2 10.800000 8 37 0.216
112 1 18.000000 10 90 0.111
112 2 28.500000 13 90 0.144
113 1 26.300000 9 75 0.120
113 2 22.700000 12 75 0.160
114 1 16.400000 9 82 0.110
114 2 21.200000 8 82 0.098
115 1 9.700000 11 47 0.234
115 2 22.300000 9 47 0.191
116 1 53.700000 12 77 0.156
116 2 16.300000 10 77 0.130
117 1 25.400000 11 182 0.060
117 2 32.000000 12 182 0.066
118 1 21.800000 10 214 0.047
118 2 27.200000 11 214 0.051
119 1 53.000000 9 150 0.060
119 2 41.000000 10 150 0.067
120 1 20.700000 8 72 0.111
120 2 19.000000 7 72 0.097
121 1 9.000000 8 35 0.229
121 2 17.000000 10 35 0.286
122 1 45.400000 11 243 0.045
122 2 91.600000 12 243 0.049
123 1 183.500000 24 212 0.113
123 2 141.500000 22 212 0.104
124 1 21.600000 11 74 0.149
124 2 18.800000 9 74 0.122
125 1 50.000000 15 184 0.082
125 2 62.000000 12 184 0.065
126 1 30.800000 11 42 0.262
126 2 27.200000 10 42 0.238
127 1 27.200000 8 29 0.276
127 2 27.200000 8 29 0.276
128 1 29.200000 10 105 0.095
128 2 18.000000 9 105 0.086
129 1 11.000000 8 26 0.308
129 2 27.500000 9 26 0.346
130 1 20.900000 10 101 0.099
130 2 16.700000 7 101 0.069
131 1 37.200000 8 29 0.276
131 2 13.200000 9 29 0.310
132 1 20.000000 9 109 0.083
132 2 42.500000 11 109 0.101
133 1 22.300000 10 56 0.179
133 2 9.700000 10 56 0.179
134 1 13.000000 12 22 0.545
134 2 20.700000 9 22 0.409
135 1 47.600000 11 41 0.268
135 2 29.600000 9 41 0.220
136 1 15.800000 10 58 0.172
136 2 9.200000 11 58 0.190
137 1 17.000000 10 49 0.204
137 2 30.500000 9 49 0.184
138 1 76.000000 11 22 0.500
138 2 24.000000 13 22 0.591
139 1 6.800000 10 28 0.357
139 2 9.200000 9 28 0.321
140 1 15.000000 10 90 0.111
140 2 14.000000 8 90 0.089
141 1 30.700000 10 180 0.056
141 2 22.300000 10 180 0.056
142 1 68.500000 27 265 0.102
142 2 35.600000 26 265 0.098
143 1 30.800000 13 238 0.055
143 2 49.700000 10 238 0.042
144 1 15.200000 9 76 0.118
144 2 14.100000 8 76 0.105
145 1 21.200000 14 49 0.286
145 2 37.200000 14 49 0.286
146 1 54.700000 11 33 0.333
146 2 41.100000 8 33 0.242
147 1 39.800000 17 33 0.515
147 2 16.400000 17 33 0.515
148 1 60.500000 11 51 0.216
148 2 44.000000 12 51 0.235
149 1 60.000000 8 141 0.057
149 2 52.000000 10 141 0.071
150 1 56.400000 11 44 0.250
150 2 44.500000 11 44 0.250
151 1 46.100000 28 261 0.107
151 2 69.500000 29 261 0.111
152 1 24.000000 10 46 0.217
152 2 30.000000 10 46 0.217
153 1 41.000000 13 122 0.107
153 2 60.500000 15 122 0.123
154 1 16.400000 11 26 0.423
154 2 25.400000 12 26 0.462
155 1 32.400000 8 78 0.103
155 2 32.400000 7 78 0.090
156 1 115.600000 14 217 0.065
156 2 112.400000 16 217 0.074
157 1 17.200000 10 31 0.323
157 2 13.400000 8 31 0.258
158 1 23.000000 13 62 0.210
158 2 21.600000 12 62 0.194
159 1 51.500000 18 41 0.439
159 2 18.500000 16 41 0.390
160 1 56.600000 17 269 0.063
160 2 62.200000 16 269 0.059
161 1 15.600000 11 37 0.297
161 2 10.800000 8 37 0.216
162 1 18.000000 10 90 0.111
162 2 28.500000 13 90 0.144
163 1 26.300000 9 75 0.120
163 2 22.700000 12 75 0.160
164 1 16.400000 9 82 0.110
164 2 21.200000 8 82 0.098
165 1 9.700000 11 47 0.234
165 2 22.300000 9 47 0.191
166 1 53.700000 12 77 0.156
166 2 16.300000 10 77 0.130
167 1 25.400000 11 182 0.060
167 2 32.000000 12 182 0.066
168 1 21.800000 10 214 0.047
168 2 27.200000 11 214 0.051
169 1 53.000000 9 150 0.060
169 2 41.000000 10 150 0.067
170 1 20.700000 8 72 0.111
170 2 19.000000 7 72 0.097
171 1 9.000000 8 35 0.229
171 2 17.000000 10 35 0.286
172 1 45.400000 11 243 0.045
172 2 91.600000 12 243 0.049
173 1 183.500000 24 212 0.113
173 2 141.500000 22 212 0.104
174 1 21.600000 11 74 0.149
174 2 18.800000 9 74 0.122
175 1 50.000000 15 184 0.082
175 2 62.000000 12 184 0.065
176 1 30.800000 11 42 0.262
176 2 27.200000 10 42 0.238
177 1 27.200000 8 29 0.276
177 2 27.200000 8 29 0.276
178 1 29.200000 10 105 0.095
178 2 18.000000 9 105 0.086
179 1 11.000000 8 26 0.308
179 2 27.500000 9 26 0.346
180 1 20.900000 10 101 0.099
180 2 16.700000 7 101 0.069
181 1 37.200000 8 29 0.276
181 2 13.200000 9 29 0.310
182 1 20.000000 9 109 0.083
182 2 42.500000 11 109 0.101
183 1 22.300000 10 56 0.179
183 2 9.700000 10 56 0.179
184 1 13.000000 12 22 0.545
184 2 20.700000 9 22 0.409
185 1 47.600000 11 41 0.268
185 2 29.600000 9 41 0.220
186 1 15.800000 10 58 0.172
186 2 9.200000 11 58 0.190
187 1 17.000000 10 49 0.204
187 2 30.500000 9 49 0.184
188 1 76.000000 11 22 0.500
188 2 24.000000 13 22 0.591
189 1 6.800000 10 28 0.357
189 2 9.200000 9 28 0.321
190 1 15.000000 10 90 0.111
190 2 14.000000 8 90 0.089
191 1 30.700000 10 180 0.056
191 2 22.300000 10 180 0.056
192 1 68.500000 27 265 0.102
192 2 35.600000 26 265 0.098
193 1 30.800000 13 238 0.055
193 2 49.700000 10 238 0.042
194 1 15.200000 9 76 0.118
194 2 14.100000 8 76 0.105
195 1 21.200000 14 49 0.286
195 2 37.200000 14 49 0.286
196 1 54.700000 11 33 0.333
196 2 41.100000 8 33 0.242
197 1 39.800000 17 33 0.515
197 2 16.400000 17 33 0.515
198 1 60.500000 11 51 0.216
198 2 44.000000 12 51 0.235
199 1 60.000000 8 141 0.057
199 2 52.000000 10 141 0.071
200 1 56.400000 11 44 0.250
200 2 44.500000 11 44 0.250
201 1 46.100000 28 261 0.107
201 2 69.500000 29 261 0.111
202 1 24.000000 10 46 0.217
202 2 30.000000 10 46 0.217
203 1 41.000000 13 122 0.107
203 2 60.500000 15 122 0.123
204 1 16.400000 11 26 0.423
204 2 25.400000 12 26 0.462
205 1 32.400000 8 78 0.103
205 2 32.400000 7 78 0.090
206 1 115.600000 14 217 0.065
206 2 112.400000 16 217 0.074
207 1 17.200000 10 31 0.323
207 2 13.400000 8 31 0.258
208 1 23.000000 13 62 0.210
208 2 21.600000 12 62 0.194
209 1 51.500000 18 41 0.439
209 2 18.500000 16 41 0.390
210 1 56.600000 17 269 0.063
210 2 62.200000 16 269 0.059
211 1 15.600000 11 37 0.297
211 2 10.800000 8 37 0.216
212 1 18.000000 10 90 0.111
212 2 28.500000 13 90 0.144
213 1 26.300000 9 75 0.120
213 2 22.700000 12 75 0.160
214 1 16.400000 9 82 0.110
214 2 21.200000 8 82 0.098
215 1 9.700000 11 47 0.234
215 2 22.300000 9 47 0.191
216 1 53.700000 12 77 0.156
216 2 16.300000 10 77 0.130
217 1 25.400000 11 182 0.060
217 2 32.000000 12 182 0.066
218 1 21.800000 10 214 0.047
218 2 27.200000 11 214 0.051
219 1 53.000000 9 150 0.060
219 2 41.000000 10 150 0.067
220 1 20.700000 8 72 0.111
220 2 19.000000 7 72 0.097
221 1 9.000000 8 35 0.229
221 2 17.000000 10 35 0.286
222 1 45.400000 11 243 0.045
222 2 91.600000 12 243 0.049
223 1 183.500000 24 212 0.113
223 2 141.500000 22 212 0.104
224 1 21.600000 11 74 0.149
224 2 18.800000 9 74 0.122
225 1 50.000000 15 184 0.082
225 2 62.000000 12 184 0.065
226 1 30.800000 11 42 0.262
226 2 27.200000 10 42 0.238
227 1 27.200000 8 29 0.276
227 2 27.200000 8 29 0.276
228 1 29.200000 10 105 0.095
228 2 18.000000 9 105 0.086
229 1 11.000000 8 26 0.308
229 2 27.500000 9 26 0.346
230 1 20.900000 10 101 0.099
230 2 16.700000 7 101 0.069
231 1 37.200000 8 29 0.276
231 2 13.200000 9 29 0.310
232 1 20.000000 9 109 0.083
232 2 42.500000 11 109 0.101
233 1 22.300000 10 56 0.179
233 2 9.700000 10 56 0.179
234 1 13.000000 12 22 0.545
234 2 20.700000 9 22 0.409
235 1 47.600000 11 41 0.268
235 2 29.600000 9 41 0.220
236 1 15.800000 10 58 0.172
236 2 9.200000 11 58 0.190
237 1 17.000000 10 49 0.204
237 2 30.500000 9 49 0.184
238 1 76.000000 11 22 0.500
238 2 24.000000 13 22 0.591
239 1 6.800000 10 28 0.357
239 2 9.200000 9 28 0.321
240 1 15.000000 10 90 0.111
240 2 14.000000 8 90 0.089
241 1 30.700000 10 180 0.056
241 2 22.300000 10 180 0.056
242 1 68.500000 27 265 0.102
242 2 35.600000 26 265 0.098
243 1 30.800000 13 238 0.055
243 2 49.700000 10 238 0.042
244 1 15.200000 9 76 0.118
244 2 14.100000 8 76 0.105
245 1 21.200000 14 49 0.286
245 2 37.200000 14 49 0.286
246 1 54.700000 11 33 0.333
246 2 41.100000 8 33 0.242
247 1 39.800000 17 33 0.515
247 2 16.400000 17 33 0.515
248 1 60.500000 11 51 0.216
248 2 44.000000 12 51 0.235
249 1 60.000000 8 141 0.057
249 2 52.000000 10 141 0.071
250 1 56.400000 11 44 0.250
250 2 44.500000 11 44 0.250
251 1 46.100000 28 261 0.107
251 2 69.500000 29 261 0.111
252 1 24.000000 10 46 0.217
252 2 30.000000 10 46 0.217
253 1 41.000000 13 122 0.107
253 2 60.500000 15 122 0.123
254 1 16.400000 11 26 0.423
254 2 25.400000 12 26 0.462
255 1 32.400000 8 78 0.103
255 2 32.400000 7 78 0.090
256 1 115.600000 14 217 0.065
256 2 112.400000 16 217 0.074
257 1 17.200000 10 31 0.323
257 2 13.400000 8 31 0.258
258 1 23.000000 13 62 0.210
258 2 21.600000 12 62 0.194
259 1 51.500000 18 41 0.439
259 2 18.500000 16 41 0.390
260 1 56.600000 17 269 0.063
260 2 62.200000 16 269 0.059
261 1 15.600000 11 37 0.297
261 2 10.800000 8 37 0.216
262 1 18.000000 10 90 0.111
262 2 28.500000 13 90 0.144
263 1 26.300000 9 75 0.120
263 2 22.700000 12 75 0.160
264 1 16.400000 9 82 0.110
264 2 21.200000 8 82 0.098
265 1 9.700000 11 47 0.234
265 2 22.300000 9 47 0.191
266 1 53.700000 12 77 0.156
266 2 16.300000 10 77 0.130
267 1 25.400000 11 182 0.060
267 2 32.000000 12 182 0.066
268 1 21.800000 10 214 0.047
268 2 27.200000 11 214 0.051
269 1 53.000000 9 150 0.060
269 2 41.000000 10 150 0.067
270 1 20.700000 8 72 0.111
270 2 19.000000 7 72 0.097
271 1 9.000000 8 35 0.229
271 2 17.000000 10 35 0.286
272 1 45.400000 11 243 0.045
272 2 91.600000 12 243 0.049
273 1 183.500000 24 212 0.113
273 2 141.500000 22 212 0.104
274 1 21.600000 11 74 0.149
274 2 18.800000 9 74 0.122
275 1 50.000000 15 184 0.082
275 2 62.000000 12 184 0.065
276 1 30.800000 11 42 0.262
276 2 27.200000 10 42 0.238
277 1 27.200000 8 29 0.276
277 2 27.200000 8 29 0.276
278 1 29.200000 10 105 0.095
278 2 18.000000 9 105 0.086
279 1 11.000000 8 26 0.308
279 2 27.500000 9 26 0.346
280 1 20.900000 10 101 0.099
280 2 16.700000 7 101 0.069
281 1 37.200000 8 29 0.276
281 2 13.200000 9 29 0.310
282 1 20.000000 9 109 0.083
282 2 42.500000 11 109 0.101
283 1 22.300000 10 56 0.179
283 2 9.700000 10 56 0.179
284 1 13.000000 12 22 0.545
284 2 20.700000 9 22 0.409
285 1 47.600000 11 41 0.268
285 2 29.600000 9 41 0.220
286 1 15.800000 10 58 0.172
286 2 9.200000 11 58 0.190
287 1 17.000000 10 49 0.204
287 2 30.500000 9 49 0.184
288 1 76.000000 11 22 0.500
288 2 24.000000 13 22 0.591
289 1 6.800000 10 28 0.357
289 2 9.200000 9 28 0.321
290 1 15.000000 10 90 0.111
290 2 14.000000 8 90 0.089
291 1 30.700000 10 180 0.056
291 2 22.300000 10 180 0.056
292 1 68.500000 27 265 0.102
292 2 35.600000 26 265 0.098
293 1 30.800000 13 238 0.055
293 2 49.700000 10 238 0.042
294 1 15.200000 9 76 0.118
294 2 14.100000 8 76 0.105
295 1 21.200000 14 49 0.286
295 2 37.200000 14 49 0.286
296 1 54.700000 11 33 0.333
296 2 41.100000 8 33 0.242
297 1 39.800000 17 33 0.515
297 2 16.400000 17 33 0.515
298 1 60.500000 11 51 0.216
298 2 44.000000 12 51 0.235
299 1 60.000000 8 141 0.057
299 2 52.000000 10 141 0.071
300 1 56.400000 11 44 0.250
300 2 44.500000 11 44 0.250
301 1 46.100000 28 261 0.107
301 2 69.500000 29 261 0.111
302 1 24.000000 10 46 0.217
302 2 30.000000 10 46 0.217
303 1 41.000000 13 122 0.107
303 2 60.500000 15 122 0.123
304 1 16.400000 11 26 0.423
304 2 25.400000 12 26 0.462
305 1 32.400000 8 78 0.103
305 2 32.400000 7 78 0.090
306 1 115.600000 14 217 0.065
306 2 112.400000 16 217 0.074
307 1 17.200000 10 31 0.323
307 2 13.400000 8 31 0.258
308 1 23.000000 13 62 0.210
308 2 21.600000 12 62 0.194
309 1 51.500000 18 41 0.439
309 2 18.500000 16 41 0.390
310 1 56.600000 17 269 0.063
310 2 62.200000 16 269 0.059
311 1 15.600000 11 37 0.297
311 2 10.800000 8 37 0.216
312 1 18.000000 10 90 0.111
312 2 28.500000 13 90 0.144
313 1 26.300000 9 75 0.120
313 2 22.700000 12 75 0.160
314 1 16.400000 9 82 0.110
314 2 21.200000 8 82 0.098
315 1 9.700000 11 47 0.234
315 2 22.300000 9 47 0.191
316 1 53.700000 12 77 0.156
316 2 16.300000 10 77 0.130
317 1 25.400000 11 182 0.060
317 2 32.000000 12 182 0.066
318 1 21.800000 10 214 0.047
318 2 27.200000 11 214 0.051
319 1 53.000000 9 150 0.060
319 2 41.000000 10 150 0.067
320 1 20.700000 8 72 0.111
320 2 19.000000 7 72 0.097
321 1 9.000000 8 35 0.229
321 2 17.000000 10 35 0.286
322 1 45.400000 11 243 0.045
322 2 91.600000 12 243 0.049
323 1 183.500000 24 212 0.113
323 2 141.500000 22 212 0.104
324 1 21.600000 11 74 0.149
324 2 18.800000 9 74 0.122
325 1 50.000000 15 184 0.082
325 2 62.000000 12 184 0.065
326 1 30.800000 11 42 0.262
326 2 27.200000 10 42 0.238
327 1 27.200000 8 29 0.276
327 2 27.200000 8 29 0.276
328 1 29.200000 10 105 0.095
328 2 18.000000 9 105 0.086
329 1 11.000000 8 26 0.308
329 2 27.500000 9 26 0.346
330 1 20.900000 10 101 0.099
330 2 16.700000 7 101 0.069
331 1 37.200000 8 29 0.276
331 2 13.200000 9 29 0.310
332 1 20.000000 9 109 0.083
332 2 42.500000 11 109 0.101
333 1 22.300000 10 56 0.179
333 2 9.700000 10 56 0.179
334 1 13.000000 12 22 0.545
334 2 20.700000 9 22 0.409
335 1 47.600000 11 41 0.268
335 2 29.600000 9 41 0.220
336 1 15.800000 10 58 0.172
336 2 9.200000 11 58 0.190
337 1 17.000000 10 49 0.204
337 2 30.500000 9 49 0.184
338 1 76.000000 11 22 0.500
338 2 24.000000 13 22 0.591
339 1 6.800000 10 28 0.357
339 2 9.200000 9 28 0.321
340 1 15.000000 10 90 0.111
340 2 14.000000 8 90 0.089
341 1 30.700000 10 180 0.056
341 2 22.300000 10 180 0.056
342 1 68.500000 27 265 0.102
342 2 35.600000 26 265 0.098
343 1 30.800000 13 238 0.055
343 2 49.700000 10 238 0.042
344 1 15.200000 9 76 0.118
344 2 14.100000 8 76 0.105
345 1 21.200000 14 49 0.286
345 2 37.200000 14 49 0.286
346 1 54.700000 11 33 0.333
346 2 41.100000 8 33 0.242
347 1 39.800000 17 33 0.515
347 2 16.400000 17 33 0.515
348 1 60.500000 11 51 0.216
348 2 44.000000 12 51 0.235
349 1 60.000000 8 141 0.057
349 2 52.000000 10 141 0.071
350 1 56.400000 11 44 0.250
350 2 44.500000 11 44 0.250
351 1 46.100000 28 261 0.107
351 2 69.500000 29 261 0.111
352 1 24.000000 10 46 0.217
352 2 30.000000 10 46 0.217
353 1 41.000000 13 122 0.107
353 2 60.500000 15 122 0.123
354 1 16.400000 11 26 0.423
354 2 25.400000 12 26 0.462
355 1 32.400000 8 78 0.103
355 2 32.400000 7 78 0.090
356 1 115.600000 14 217 0.065
356 2 112.400000 16 217 0.074
357 1 17.200000 10 31 0.323
357 2 13.400000 8 31 0.258
358 1 23.000000 13 62 0.210
358 2 21.600000 12 62 0.194
359 1 51.500000 18 41 0.439
359 2 18.500000 16 41 0.390
360 1 56.600000 17 269 0.063
360 2 62.200000 16 269 0.059
361 1 15.600000 11 37 0.297
361 2 10.800000 8 37 0.216
362 1 18.000000 10 90 0.111
362 2 28.500000 13 90 0.144
363 1 26.300000 9 75 0.120
363 2 22.700000 12 75 0.160
364 1 16.400000 9 82 0.110
364 2 21.200000 8 82 0.098
365 1 9.700000 11 47 0.234
365 2 22.300000 9 47 0.191
366 1 53.700000 12 77 0.156
366 2 16.300000 10 77 0.130
367 1 25.400000 11 182 0.060
367 2 32.000000 12 182 0.066
368 1 21.800000 10 214 0.047
368 2 27.200000 11 214 0.051
369 1 53.000000 9 150 0.060
369 2 41.000000 10 150 0.067
370 1 20.700000 8 72 0.111
370 2 19.000000 7 72 0.097
371 1 9.000000 8 35 0.229
371 2 17.000000 10 35 0.286
372 1 45.400000 11 243 0.045
372 2 91.600000 12 243 0.049
373 1 183.500000 24 212 0.113
373 2 141.500000 22 212 0.104
374 1 21.600000 11 74 0.149
374 2 18.800000 9 74 0.122
375 1 50.000000 15 184 0.082
375 2 62.000000 12 184 0.065
376 1 30.800000 11 42 0.262
376 2 27.200000 10 42 0.238
377 1 27.200000 8 29 0.276
377 2 27.200000 8 29 0.276
378 1 29.200000 10 105 0.095
378 2 18.000000 9 105 0.086
379 1 11.000000 8 26 0.308
379 2 27.500000 9 26 0.346
380 1 20.900000 10 101 0.099
380 2 16.700000 7 101 0.069
381 1 37.200000 8 29 0.276
381 2 13.200000 9 29 0.310
382 1 20.000000 9 109 0.083
382 2 42.500000 11 109 0.101
383 1 22.300000 10 56 0.179
383 2 9.700000 10 56 0.179
384 1 13.000000 12 22 0.545
384 2 20.700000 9 22 0.409
385 1 47.600000 11 41 0.268
385 2 29.600000 9 41 0.220
386 1 15.800000 10 58 0.172
386 2 9.200000 11 58 0.190
387 1 17.000000 10 49 0.204
387 2 30.500000 9 49 0.184
388 1 76.000000 11 22 0.500
388 2 24.000000 13 22 0.591
389 1 6.800000 10 28 0.357
389 2 9.200000 9 28 0.321
390 1 15.000000 10 90 0.111
390 2 14.000000 8 90 0.089
391 1 30.700000 10 180 0.056
391 2 22.300000 10 180 0.056
392 1 68.500000 27 265 0.102
392 2 35.600000 26 265 0.098
393 1 30.800000 13 238 0.055
393 2 49.700000 10 238 0.042
394 1 15.200000 9 76 0.118
394 2 14.100000 8 76 0.105
395 1 21.200000 14 49 0.286
395 2 37.200000 14 49 0.286
396 1 54.700000 11 33 0.333
396 2 41.100000 8 33 0.242
397 1 39.800000 17 33 0.515
397 2 16.400000 17 33 0.515
398 1 60.500000 11 51 0.216
398 2 44.000000 12 51 0.235
399 1 60.000000 8 141 0.057
399 2 52.000000 10 141 0.071
400 1 56.400000 11 44 0.250
400 2 44.500000 11 44 0.250
401 1 46.100000 28 261 0.107
401 2 69.500000 29 261 0.111
402 1 24.000000 10 46 0.217
402 2 30.000000 10 46 0.217
403 1 41.000000 13 122 0.107
403 2 60.500000 15 122 0.123
404 1 16.400000 11 26 0.423
404 2 25.400000 12 26 0.462
405 1 32.400000 8 78 0.103
405 2 32.400000 7 78 0.090
406 1 115.600000 14 217 0.065
406 2 112.400000 16 217 0.074
407 1 17.200000 10 31 0.323
407 2 13.400000 8 31 0.258
408 1 23.000000 13 62 0.210
408 2 21.600000 12 62 0.194
409 1 51.500000 18 41 0.439
409 2 18.500000 16 41 0.390
410 1 56.600000 17 269 0.063
410 2 62.200000 16 269 0.059
411 1 15.600000 11 37 0.297
411 2 10.800000 8 37 0.216
412 1 18.000000 10 90 0.111
412 2 28.500000 13 90 0.144
413 1 26.300000 9 75 0.120
413 2 22.700000 12 75 0.160
414 1 16.400000 9 82 0.110
414 2 21.200000 8 82 0.098
415 1 9.700000 11 47 0.234
415 2 22.300000 9 47 0.191
416 1 53.700000 12 77 0.156
416 2 16.300000 10 77 0.130
417 1 25.400000 11 182 0.060
417 2 32.000000 12 182 0.066
418 1 21.800000 10 214 0.047
418 2 27.200000 11 214 0.051
419 1 53.000000 9 150 0.060
419 2 41.000000 10 150 0.067
420 1 20.700000 8 72 0.111
420 2 19.000000 7 72 0.097
421 1 9.000000 8 35 0.229
421 2 17.000000 10 35 0.286
422 1 45.400000 11 243 0.045
422 2 91.600000 12 243 0.049
423 1 183.500000 24 212 0.113
423 2 141.500000 22 212 0.104
424 1 21.600000 11 74 0.149
424 2 18.800000 9 74 0.122
425 1 50.000000 15 184 0.082
425 2 62.000000 12 184 0.065
426 1 30.800000 11 42 0.262
426 2 27.200000 10 42 0.238
427 1 27.200000 8 29 0.276
427 2 27.200000 8 29 0.276
428 1 29.200000 10 105 0.095
428 2 18.000000 9 105 0.086
429 1 11.000000 8 26 0.308
429 2 27.500000 9 26 0.346
430 1 20.900000 10 101 0.099
430 2 16.700000 7 101 0.069
431 1 37.200000 8 29 0.276
431 2 13.200000 9 29 0.310
432 1 20.000000 9 109 0.083
432 2 42.500000 11 109 0.101
433 1 22.300000 10 56 0.179
433 2 9.700000 10 56 0.179
434 1 13.000000 12 22 0.545
434 2 20.700000 9 22 0.409
435 1 47.600000 11 41 0.268
435 2 29.600000 9 41 0.220
436 1 15.800000 10 58 0.172
436 2 9.200000 11 58 0.190
437 1 17.000000 10 49 0.204
437 2 30.500000 9 49 0.184
438 1 76.000000 11 22 0.500
438 2 24.000000 13 22 0.591
439 1 6.800000 10 28 0.357
439 2 9.200000 9 28 0.321
440 1 15.000000 10 90 0.111
440 2 14.000000 8 90 0.089
441 1 30.700000 10 180 0.056
441 2 22.300000 10 180 0.056
442 1 68.500000 27 265 0.102
442 2 35.600000 26 265 0.098
443 1 30.800000 13 238 0.055
443 2 49.700000 10 238 0.042
444 1 15.200000 9 76 0.118
444 2 14.100000 8 76 0.105
445 1 21.200000 14 49 0.286
445 2 37.200000 14 49 0.286
446 1 54.700000 11 33 0.333
446 2 41.100000 8 33 0.242
447 1 39.800000 17 33 0.515
447 2 16.400000 17 33 0.515
448 1 60.500000 11 51 0.216
448 2 44.000000 12 51 0.235
449 1 60.000000 8 141 0.057
449 2 52.000000 10 141 0.071
450 1 56.400000 11 44 0.250
450 2 44.500000 11 44 0.250
451 1 46.100000 28 261 0.107
451 2 69.500000 29 261 0.111
452 1 24.000000 10 46 0.217
452 2 30.000000 10 46 0.217
453 1 41.000000 13 122 0.107
453 2 60.500000 15 122 0.123
454 1 16.400000 11 26 0.423
454 2 25.400000 12 26 0.462
455 1 32.400000 8 78 0.103
455 2 32.400000 7 78 0.090
456 1 115.600000 14 217 0.065
456 2 112.400000 16 217 0.074
457 1 17.200000 10 31 0.323
457 2 13.400000 8 31 0.258
458 1 23.000000 13 62 0.210
458 2 21.600000 12 62 0.194
459 1 51.500000 18 41 0.439
459 2 18.500000 16 41 0.390
460 1 56.600000 17 269 0.063
460 2 62.200000 16 269 0.059
461 1 15.600000 11 37 0.297
461 2 10.800000 8 37 0.216
462 1 18.000000 10 90 0.111
462 2 28.500000 13 90 0.144
463 1 26.300000 9 75 0.120
463 2 22.700000 12 75 0.160
464 1 16.400000 9 82 0.110
464 2 21.200000 8 82 0.098
465 1 9.700000 11 47 0.234
465 2 22.300000 9 47 0.191
466 1 53.700000 12 77 0.156
466 2 16.300000 10 77 0.130
467 1 25.400000 11 182 0.060
467 2 32.000000 12 182 0.066
468 1 21.800000 10 214 0.047
468 2 27.200000 11 214 0.051
469 1 53.000000 9 150 0.060
469 2 41.000000 10 150 0.067
470 1 20.700000 8 72 0.111
470 2 19.000000 7 72 0.097
471 1 9.000000 8 35 0.229
471 2 17.000000 10 35 0.286
472 1 45.400000 11 243 0.045
472 2 91.600000 12 243 0.049
473 1 183.500000 24 212 0.113
473 2 141.500000 22 212 0.104
474 1 21.600000 11 74 0.149
474 2 18.800000 9 74 0.122
475 1 50.000000 15 184 0.082
475 2 62.000000 12 184 0.065
476 1 30.800000 11 42 0.262
476 2 27.200000 10 42 0.238
477 1 27.200000 8 29 0.276
477 2 27.200000 8 29 0.276
478 1 29.200000 10 105 0.095
478 2 18.000000 9 105 0.086
479 1 11.000000 8 26 0.308
479 2 27.500000 9 26 0.346
480 1 20.900000 10 101 0.099
480 2 16.700000 7 101 0.069
481 1 37.200000 8 29 0.276
481 2 13.200000 9 29 0.310
482 1 20.000000 9 109 0.083
482 2 42.500000 11 109 0.101
483 1 22.300000 10 56 0.179
483 2 9.700000 10 56 0.179
484 1 13.000000 12 22 0.545
484 2 20.700000 9 22 0.409
485 1 47.600000 11 41 0.268
485 2 29.600000 9 41 0.220
486 1 15.800000 10 58 0.172
486 2 9.200000 11 58 0.190
487 1 17.000000 10 49 0.204
487 2 30.500000 9 49 0.184
488 1 76.000000 11 22 0.500
488 2 24.000000 13 22 0.591
489 1 6.800000 10 28 0.357
489 2 9.200000 9 28 0.321
490 1 15.000000 10 90 0.111
490 2 14.000000 8 90 0.089
491 1 30.700000 10 180 0.056
491 2 22.300000 10 180 0.056
492 1 68.500000 27 265 0.102
492 2 35.600000 26 265 0.098
493 1 30.800000 13 238 0.055
493 2 49.700000 10 238 0.042
494 1 15.200000 9 76 0.118
494 2 14.100000 8 76 0.105
495 1 21.200000 14 49 0.286
495 2 37.200000 14 49 0.286
496 1 54.700000 11 33 0.333
496 2 41.100000 8 33 0.242
497 1 39.800000 17 33 0.515
497 2 16.400000 17 33 0.515
498 1 60.500000 11 51 0.216
498 2 44.000000 12 51 0.235
499 1 60.000000 8 141 0.057
499 2 52.000000 10 141 0.071
500 1 56.400000 11 44 0.250
500 2 44.500000 11 44 0.250
501 1 46.100000 28 261 0.107
501 2 69.500000 29 261 0.111
502 1 24.000000 10 46 0.217
502 2 30.000000 10 46 0.217
503 1 41.000000 13 122 0.107
503 2 60.500000 15 122 0.123
504 1 16.400000 11 26 0.423
504 2 25.400000 12 26 0.462
505 1 32.400000 8 78 0.103
505 2 32.400000 7 78 0.090
506 1 115.600000 14 217 0.065
506 2 112.400000 16 217 0.074
507 1 17.200000 10 31 0.323
507 2 13.400000 8 31 0.258
508 1 23.000000 13 62 0.210
508 2 21.600000 12 62 0.194
509 1 51.500000 18 41 0.439
509 2 18.500000 16 41 0.390
510 1 56.600000 17 269 0.063
510 2 62.200000 16 269 0.059
511 1 15.600000 11 37 0.297
511 2 10.800000 8 37 0.216
512 1 18.000000 10 90 0.111
512 2 28.500000 13 90 0.144
513 1 26.300000 9 75 0.120
513 2 22.700000 12 75 0.160
514 1 16.400000 9 82 0.110
514 2 21.200000 8 82 0.098
515 1 9.700000 11 47 0.234
515 2 22.300000 9 47 0.191
516 1 53.700000 12 77 0.156
516 2 16.300000 10 77 0.130
517 1 25.400000 11 182 0.060
517 2 32.000000 12 182 0.066
518 1 21.800000 10 214 0.047
518 2 27.200000 11 214 0.051
519 1 53.000000 9 150 0.060
519 2 41.000000 10 150 0.067
520 1 20.700000 8 72 0.111
520 2 19.000000 7 72 0.097
521 1 9.000000 8 35 0.229
521 2 17.000000 10 35 0.286
522 1 45.400000 11 243 0.045
522 2 91.600000 12 243 0.049
523 1 183.500000 24 212 0.113
523 2 141.500000 22 212 0.104
524 1 21.600000 11 74 0.149
524 2 18.800000 9 74 0.122
525 1 50.000000 15 184 0.082
525 2 62.000000 12 184 0.065
526 1 30.800000 11 42 0.262
526 2 27.200000 10 42 0.238
527 1 27.200000 8 29 0.276
527 2 27.200000 8 29 0.276
528 1 29.200000 10 105 0.095
528 2 18.000000 9 105 0.086
529 1 11.000000 8 26 0.308
529 2 27.500000 9 26 0.346
530 1 20.900000 10 101 0.099
530 2 16.700000 7 101 0.069
531 1 37.200000 8 29 0.276
531 2 13.200000 9 29 0.310
532 1 20.000000 9 109 0.083
532 2 42.500000 11 109 0.101
533 1 22.300000 10 56 0.179
533 2 9.700000 10 56 0.179
534 1 13.000000 12 22 0.545
534 2 20.700000 9 22 0.409
535 1 47.600000 11 41 0.268
535 2 29.600000 9 41 0.220
536 1 15.800000 10 58 0.172
536 2 9.200000 11 58 0.190
537 1 17.000000 10 49 0.204
537 2 30.500000 9 49 0.184
538 1 76.000000 11 22 0.500
538 2 24.000000 13 22 0.591
539 1 6.800000 10 28 0.357
539 2 9.200000 9 28 0.321
540 1 15.000000 10 90 0.111
540 2 14.000000 8 90 0.089
541 1 30.700000 10 180 0.056
541 2 22.300000 10 180 0.056
542 1 68.500000 27 265 0.102
542 2 35.600000 26 265 0.098
543 1 30.800000 13 238 0.055
543 2 49.700000 10 238 0.042
544 1 15.200000 9 76 0.118
544 2 14.100000 8 76 0.105
545 1 21.200000 14 49 0.286
545 2 37.200000 14 49 0.286
546 1 54.700000 11 33 0.333
546 2 41.100000 8 33 0.242
547 1 39.800000 17 33 0.515
547 2 16.400000 17 33 0.515
548 1 60.500000 11 51 0.216
548 2 44.000000 12 51 0.235
549 1 60.000000 8 141 0.057
549 2 52.000000 10 141 0.071
550 1 56.400000 11 44 0.250
550 2 44.500000 11 44 0.250
551 1 46.100000 28 261 0.107
551 2 69.500000 29 261 0.111
552 1 24.000000 10 46 0.217
552 2 30.000000 10 46 0.217
553 1 41.000000 13 122 0.107
553 2 60.500000 15 122 0.123
554 1 16.400000 11 26 0.423
554 2 25.400000 12 26 0.462
555 1 32.400000 8 78 0.103
555 2 32.400000 7 78 0.090
556 1 115.600000 14 217 0.065
556 2 112.400000 16 217 0.074
557 1 17.200000 10 31 0.323
557 2 13.400000 8 31 0.258
558 1 23.000000 13 62 0.210
558 2 21.600000 12 62 0.194
559 1 51.500000 18 41 0.439
559 2 18.500000 16 41 0.390
560 1 56.600000 17 269 0.063
560 2 62.200000 16 269 0.059
561 1 15.600000 11 37 0.297
561 2 10.800000 8 37 0.216
562 1 18.000000 10 90 0.111
562 2 28.500000 13 90 0.144
563 1 26.300000 9 75 0.120
563 2 22.700000 12 75 0.160
564 1 16.400000 9 82 0.110
564 2 21.200000 8 82 0.098
565 1 9.700000 11 47 0.234
565 2 22.300000 9 47 0.191
566 1 53.700000 12 77 0.156
566 2 16.300000 10 77 0.130
567 1 25.400000 11 182 0.060
567 2 32.000000 12 182 0.066
568 1 21.800000 10 214 0.047
568 2 27.200000 11 214 0.051
569 1 53.000000 9 150 0.060
569 2 41.000000 10 150 0.067
570 1 20.700000 8 72 0.111
570 2 19.000000 7 72 0.097
571 1 9.000000 8 35 0.229
571 2 17.000000 10 35 0.286
572 1 45.400000 11 243 0.045
572 2 91.600000 12 243 0.049
573 1 183.500000 24 212 0.113
573 2 141.500000 22 212 0.104
574 1 21.600000 11 74 0.149
574 2 18.800000 9 74 0.122
575 1 50.000000 15 184 0.082
575 2 62.000000 12 184 0.065
576 1 30.800000 11 42 0.262
576 2 27.200000 10 42 0.238
577 1 27.200000 8 29 0.276
577 2 27.200000 8 29 0.276
578 1 29.200000 10 105 0.095
578 2 18.000000 9 105 0.086
579 1 11.000000 8 26 0.308
579 2 27.500000 9 26 0.346
580 1 20.900000 10 101 0.099
580 2 16.700000 7 101 0.069
581 1 37.200000 8 29 0.276
581 2 13.200000 9 29 0.310
582 1 20.000000 9 109 0.083
582 2 42.500000 11 109 0.101
583 1 22.300000 10 56 0.179
583 2 9.700000 10 56 0.179
584 1 13.000000 12 22 0.545
584 2 20.700000 9 22 0.409
585 1 47.600000 11 41 0.268
585 2 29.600000 9 41 0.220
586 1 15.800000 10 58 0.172
586 2 9.200000 11 58 0.190
587 1 17.000000 10 49 0.204
587 2 30.500000 9 49 0.184
588 1 76.000000 11 22 0.500
588 2 24.000000 13 22 0.591
589 1 6.800000 10 28 0.357
589 2 9.200000 9 28 0.321
590 1 15.000000 10 90 0.111
590 2 14.000000 8 90 0.089
591 1 30.700000 10 180 0.056
591 2 22.300000 10 180 0.056
592 1 68.500000 27 265 0.102
592 2 35.600000 26 265 0.098
593 1 30.800000 13 238 0.055
593 2 49.700000 10 238 0.042
594 1 15.200000 9 76 0.118
594 2 14.100000 8 76 0.105
595 1 21.200000 14 49 0.286
595 2 37.200000 14 49 0.286
596 1 54.700000 11 33 0.333
596 2 41.100000 8 33 0.242
597 1 39.800000 17 33 0.515
597 2 16.400000 17 33 0.515
598 1 60.500000 11 51 0.216
598 2 44.000000 12 51 0.235
599 1 60.000000 8 141 0.057
599 2 52.000000 10 141 0.071
600 1 56.400000 11 44 0.250
600 2 44.500000 11 44 0.250
601 1 46.100000 28 261 0.107
601 2 69.500000 29 261 0.111
602 1 24.000000 10 46 0.217
602 2 30.000000 10 46 0.217
603 1 41.000000 13 122 0.107
603 2 60.500000 15 122 0.123
604 1 16.400000 11 26 0.423
604 2 25.400000 12 26 0.462
605 1 32.400000 8 78 0.103
605 2 32.400000 7 78 0.090
606 1 115.600000 14 217 0.065
606 2 112.400000 16 217 0.074
607 1 17.200000 10 31 0.323
607 2 13.400000 8 31 0.258
608 1 23.000000 13 62 0.210
608 2 21.600000 12 62 0.194
609 1 51.500000 18 41 0.439
609 2 18.500000 16 41 0.390
610 1 56.600000 17 269 0.063
610 2 62.200000 16 269 0.059
611 1 15.600000 11 37 0.297
611 2 10.800000 8 37 0.216
612 1 18.000000 10 90 0.111
612 2 28.500000 13 90 0.144
613 1 26.300000 9 75 0.120
613 2 22.700000 12 75 0.160
614 1 16.400000 9 82 0.110
614 2 21.200000 8 82 0.098
615 1 9.700000 11 47 0.234
615 2 22.300000 9 47 0.191
616 1 53.700000 12 77 0.156
616 2 16.300000 10 77 0.130
617 1 25.400000 11 182 0.060
617 2 32.000000 12 182 0.066
618 1 21.800000 10 214 0.047
618 2 27.200000 11 214 0.051
619 1 53.000000 9 150 0.060
619 2 41.000000 10 150 0.067
620 1 20.700000 8 72 0.111
620 2 19.000000 7 72 0.097
621 1 9.000000 8 35 0.229
621 2 17.000000 10 35 0.286
622 1 45.400000 11 243 0.045
622 2 91.600000 12 243 0.049
623 1 183.500000 24 212 0.113
623 2 141.500000 22 212 0.104
624 1 21.600000 11 74 0.149
624 2 18.800000 9 74 0.122
625 1 50.000000 15 184 0.082
625 2 62.000000 12 184 0.065
626 1 30.800000 11 42 0.262
626 2 27.200000 10 42 0.238
627 1 27.200000 8 29 0.276
627 2 27.200000 8 29 0.276
628 1 29.200000 10 105 0.095
628 2 18.000000 9 105 0.086
629 1 11.000000 8 26 0.308
629 2 27.500000 9 26 0.346
630 1 20.900000 10 101 0.099
630 2 16.700000 7 101 0.069
631 1 37.200000 8 29 0.276
631 2 13.200000 9 29 0.310
632 1 20.000000 9 109 0.083
632 2 42.500000 11 109 0.101
633 1 22.300000 10 56 0.179
633 2 9.700000 10 56 0.179
634 1 13.000000 12 22 0.545
634 2 20.700000 9 22 0.409
635 1 47.600000 11 41 0.268
635 2 29.600000 9 41 0.220
636 1 15.800000 10 58 0.172
636 2 9.200000 11 58 0.190
637 1 17.000000 10 49 0.204
637 2 30.500000 9 49 0.184
638 1 76.000000 11 22 0.500
638 2 24.000000 13 22 0.591
639 1 6.800000 10 28 0.357
639 2 9.200000 9 28 0.321
640 1 15.000000 10 90 0.111
640 2 14.000000 8 90 0.089
641 1 30.700000 10 180 0.056
641 2 22.300000 10 180 0.056
642 1 68.500000 27 265 0.102
642 2 35.600000 26 265 0.098
643 1 30.800000 13 238 0.055
643 2 49.700000 10 238 0.042
644 1 15.200000 9 76 0.118
644 2 14.100000 8 76 0.105
645 1 21.200000 14 49 0.286
645 2 37.200000 14 49 0.286
646 1 54.700000 11 33 0.333
646 2 41.100000 8 33 0.242
647 1 39.800000 17 33 0.515
647 2 16.400000 17 33 0.515
648 1 60.500000 11 51 0.216
648 2 44.000000 12 51 0.235
649 1 60.000000 8 141 0.057
649 2 52.000000 10 141 0.071
650 1 56.400000 11 44 0.250
650 2 44.500000 11 44 0.250
651 1 46.100000 28 261 0.107
651 2 69.500000 29 261 0.111
652 1 24.000000 10 46 0.217
652 2 30.000000 10 46 0.217
653 1 41.000000 13 122 0.107
653 2 60.500000 15 122 0.123
654 1 16.400000 11 26 0.423
654 2 25.400000 12 26 0.462
655 1 32.400000 8 78 0.103
655 2 32.400000 7 78 0.090
656 1 115.600000 14 217 0.065
656 2 112.400000 16 217 0.074
657 1 17.200000 10 31 0.323
657 2 13.400000 8 31 0.258
658 1 23.000000 13 62 0.210
658 2 21.600000 12 62 0.194
659 1 51.500000 18 41 0.439
659 2 18.500000 16 41 0.390
660 1 56.600000 17 269 0.063
660 2 62.200000 16 269 0.059
661 1 15.600000 11 37 0.297
661 2 10.800000 8 37 0.216
662 1 18.000000 10 90 0.111
662 2 28.500000 13 90 0.144
663 1 26.300000 9 75 0.120
663 2 22.700000 12 75 0.160
664 1 16.400000 9 82 0.110
664 2 21.200000 8 82 0.098
665 1 9.700000 11 47 0.234
665 2 22.300000 9 47 0.191
666 1 53.700000 12 77 0.156
666 2 16.300000 10 77 0.130
667 1 25.400000 11 182 0.060
667 2 32.000000 12 182 0.066
668 1 21.800000 10 214 0.047
668 2 27.200000 11 214 0.051
669 1 53.000000 9 150 0.060
669 2 41.000000 10 150 0.067
670 1 20.700000 8 72 0.111
670 2 19.000000 7 72 0.097
671 1 9.000000 8 35 0.229
671 2 17.000000 10 35 0.286
672 1 45.400000 11 243 0.045
672 2 91.600000 12 243 0.049
673 1 183.500000 24 212 0.113
673 2 141.500000 22 212 0.104
674 1 21.600000 11 74 0.149
674 2 18.800000 9 74 0.122
675 1 50.000000 15 184 0.082
675 2 62.000000 12 184 0.065
676 1 30.800000 11 42 0.262
676 2 27.200000 10 42 0.238
677 1 27.200000 8 29 0.276
677 2 27.200000 8 29 0.276
678 1 29.200000 10 105 0.095
678 2 18.000000 9 105 0.086
679 1 11.000000 8 26 0.308
679 2 27.500000 9 26 0.346
680 1 20.900000 10 101 0.099
680 2 16.700000 7 101 0.069
681 1 37.200000 8 29 0.276
681 2 13.200000 9 29 0.310
682 1 20.000000 9 109 0.083
682 2 42.500000 11 109 0.101
683 1 22.300000 10 56 0.179
683 2 9.700000 10 56 0.179
684 1 13.000000 12 22 0.545
684 2 20.700000 9 22 0.409
685 1 47.600000 11 41 0.268
685 2 29.600000 9 41 0.220
686 1 15.800000 10 58 0.172
686 2 9.200000 11 58 0.190
687 1 17.000000 10 49 0.204
687 2 30.500000 9 49 0.184
688 1 76.000000 11 22 0.500
688 2 24.000000 13 22 0.591
689 1 6.800000 10 28 0.357
689 2 9.200000 9 28 0.321
690 1 15.000000 10 90 0.111
690 2 14.000000 8 90 0.089
691 1 30.700000 10 180 0.056
691 2 22.300000 10 180 0.056
692 1 68.500000 27 265 0.102
692 2 35.600000 26 265 0.098
693 1 30.800000 13 238 0.055
693 2 49.700000 10 238 0.042
694 1 15.200000 9 76 0.118
694 2 14.100000 8 76 0.105
695 1 21.200000 14 49 0.286
695 2 37.200000 14 49 0.286
696 1 54.700000 11 33 0.333
696 2 41.100000 8 33 0.242
697 1 39.800000 17 33 0.515
697 2 16.400000 17 33 0.515
698 1 60.500000 11 51 0.216
698 2 44.000000 12 51 0.235
699 1 60.000000 8 141 0.057
699 2 52.000000 10 141 0.071
700 1 56.400000 11 44 0.250
700 2 44.500000 11 44 0.250
701 1 46.100000 28 261 0.107
701 2 69.500000 29 261 0.111
702 1 24.000000 10 46 0.217
702 2 30.000000 10 46 0.217
703 1 41.000000 13 122 0.107
703 2 60.500000 15 122 0.123
704 1 16.400000 11 26 0.423
704 2 25.400000 12 26 0.462
705 1 32.400000 8 78 0.103
705 2 32.400000 7 78 0.090
706 1 115.600000 14 217 0.065
706 2 112.400000 16 217 0.074
707 1 17.200000 10 31 0.323
707 2 13.400000 8 31 0.258
708 1 23.000000 13 62 0.210
708 2 21.600000 12 62 0.194
709 1 51.500000 18 41 0.439
709 2 18.500000 16 41 0.390
710 1 56.600000 17 269 0.063
710 2 62.200000 16 269 0.059
711 1 15.600000 11 37 0.297
711 2 10.800000 8 37 0.216
712 1 18.000000 10 90 0.111
712 2 28.500000 13 90 0.144
713 1 26.300000 9 75 0.120
713 2 22.700000 12 75 0.160
714 1 16.400000 9 82 0.110
714 2 21.200000 8 82 0.098
715 1 9.700000 11 47 0.234
715 2 22.300000 9 47 0.191
716 1 53.700000 12 77 0.156
716 2 16.300000 10 77 0.130
717 1 25.400000 11 182 0.060
717 2 32.000000 12 182 0.066
718 1 21.800000 10 214 0.047
718 2 27.200000 11 214 0.051
719 1 53.000000 9 150 0.060
719 2 41.000000 10 150 0.067
720 1 20.700000 8 72 0.111
720 2 19.000000 7 72 0.097
721 1 9.000000 8 35 0.229
721 2 17.000000 10 35 0.286
722 1 45.400000 11 243 0.045
722 2 91.600000 12 243 0.049
723 1 183.500000 24 212 0.113
723 2 141.500000 22 212 0.104
724 1 21.600000 11 74 0.149
724 2 18.800000 9 74 0.122
725 1 50.000000 15 184 0.082
725 2 62.000000 12 184 0.065
726 1 30.800000 11 42 0.262
726 2 27.200000 10 42 0.238
727 1 27.200000 8 29 0.276
727 2 27.200000 8 29 0.276
728 1 29.200000 10 105 0.095
728 2 18.000000 9 105 0.086
729 1 11.000000 8 26 0.308
729 2 27.500000 9 26 0.346
730 1 20.900000 10 101 0.099
730 2 16.700000 7 101 0.069
731 1 37.200000 8 29 0.276
731 2 13.200000 9 29 0.310
732 1 20.000000 9 109 0.083
732 2 42.500000 11 109 0.101
733 1 22.300000 10 56 0.179
733 2 9.700000 10 56 0.179
734 1 13.000000 12 22 0.545
734 2 20.700000 9 22 0.409
735 1 47.600000 11 41 0.268
735 2 29.600000 9 41 0.220
736 1 15.800000 10 58 0.172
736 2 9.200000 11 58 0.190
737 1 17.000000 10 49 0.204
737 2 30.500000 9 49 0.184
738 1 76.000000 11 22 0.500
738 2 24.000000 13 22 0.591
739 1 6.800000 10 28 0.357
739 2 9.200000 9 28 0.321
740 1 15.000000 10 90 0.111
740 2 14.000000 8 90 0.089
741 1 30.700000 10 180 0.056
741 2 22.300000 10 180 0.056
742 1 68.500000 27 265 0.102
742 2 35.600000 26 265 0.098
743 1 30.800000 13 238 0.055
743 2 49.700000 10 238 0.042
744 1 15.200000 9 76 0.118
744 2 14.100000 8 76 0.105
745 1 21.200000 14 49 0.286
745 2 37.200000 14 49 0.286
746 1 54.700000 11 33 0.333
746 2 41.100000 8 33 0.242
747 1 39.800000 17 33 0.515
747 2 16.400000 17 33 0.515
748 1 60.500000 11 51 0.216
748 2 44.000000 12 51 0.235
749 1 60.000000 8 141 0.057
749 2 52.000000 10 141 0.071
750 1 56.400000 11 44 0.250
750 2 44.500000 11 44 0.250
751 1 46.100000 28 261 0.107
751 2 69.500000 29 261 0.111
752 1 24.000000 10 46 0.217
752 2 30.000000 10 46 0.217
753 1 41.000000 13 122 0.107
753 2 60.500000 15 122 0.123
754 1 16.400000 11 26 0.423
754 2 25.400000 12 26 0.462
755 1 32.400000 8 78 0.103
755 2 32.400000 7 78 0.090
756 1 115.600000 14 217 0.065
756 2 112.400000 16 217 0.074
757 1 17.200000 10 31 0.323
757 2 13.400000 8 31 0.258
758 1 23.000000 13 62 0.210
758 2 21.600000 12 62 0.194
759 1 51.500000 18 41 0.439
759 2 18.500000 16 41 0.390
760 1 56.600000 17 269 0.063
760 2 62.200000 16 269 0.059
761 1 15.600000 11 37 0.297
761 2 10.800000 8 37 0.216
762 1 18.000000 10 90 0.111
762 2 28.500000 13 90 0.144
763 1 26.300000 9 75 0.120
763 2 22.700000 12 75 0.160
764 1 16.400000 9 82 0.110
764 2 21.200000 8 82 0.098
765 1 9.700000 11 47 0.234
765 2 22.300000 9 47 0.191
766 1 53.700000 12 77 0.156
766 2 16.300000 10 77 0.130
767 1 25.400000 11 182 0.060
767 2 32.000000 12 182 0.066
768 1 21.800000 10 214 0.047
768 2 27.200000 11 214 0.051
769 1 53.000000 9 150 0.060
769 2 41.000000 10 150 0.067
770 1 20.700000 8 72 0.111
770 2 19.000000 7 72 0.097
771 1 9.000000 8 35 0.229
771 2 17.000000 10 35 0.286
772 1 45.400000 11 243 0.045
772 2 91.600000 12 243 0.049
773 1 183.500000 24 212 0.113
773 2 141.500000 22 212 0.104
774 1 21.600000 11 74 0.149
774 2 18.800000 9 74 0.122
775 1 50.000000 15 184 0.082
775 2 62.000000 12 184 0.065
776 1 30.800000 11 42 0.262
776 2 27.200000 10 42 0.238
777 1 27.200000 8 29 0.276
777 2 27.200000 8 29 0.276
778 1 29.200000 10 105 0.095
778 2 18.000000 9 105 0.086
779 1 11.000000 8 26 0.308
779 2 27.500000 9 26 0.346
780 1 20.900000 10 101 0.099
780 2 16.700000 7 101 0.069
781 1 37.200000 8 29 0.276
781 2 13.200000 9 29 0.310
782 1 20.000000 9 109 0.083
782 2 42.500000 11 109 0.101
783 1 22.300000 10 56 0.179
783 2 9.700000 10 56 0.179
784 1 13.000000 12 22 0.545
784 2 20.700000 9 22 0.409
785 1 47.600000 11 41 0.268
785 2 29.600000 9 41 0.220
786 1 15.800000 10 58 0.172
786 2 9.200000 11 58 0.190
787 1 17.000000 10 49 0.204
787 2 30.500000 9 49 0.184
788 1 76.000000 11 22 0.500
788 2 24.000000 13 22 0.591
789 1 6.800000 10 28 0.357
789 2 9.200000 9 28 0.321
790 1 15.000000 10 90 0.111
790 2 14.000000 8 90 0.089
791 1 30.700000 10 180 0.056
791 2 22.300000 10 180 0.056
792 1 68.500000 27 265 0.102
792 2 35.600000 26 265 0.098
793 1 30.800000 13 238 0.055
793 2 49.700000 10 238 0.042
794 1 15.200000 9 76 0.118
794 2 14.100000 8 76 0.105
795 1 21.200000 14 49 0.286
795 2 37.200000 14 49 0.286
796 1 54.700000 11 33 0.333
796 2 41.100000 8 33 0.242
797 1 39.800000 17 33 0.515
797 2 16.400000 17 33 0.515
798 1 60.500000 11 51 0.216
798 2 44.000000 12 51 0.235
799 1 60.000000 8 141 0.057
799 2 52.000000 10 141 0.071
800 1 56.400000 11 44 0.250
800 2 44.500000 11 44 0.250
801 1 46.100000 28 261 0.107
801 2 69.500000 29 261 0.111
802 1 24.000000 10 46 0.217
802 2 30.000000 10 46 0.217
803 1 41.000000 13 122 0.107
803 2 60.500000 15 122 0.123
804 1 16.400000 11 26 0.423
804 2 25.400000 12 26 0.462
805 1 32.400000 8 78 0.103
805 2 32.400000 7 78 0.090
806 1 115.600000 14 217 0.065
806 2 112.400000 16 217 0.074
807 1 17.200000 10 31 0.323
807 2 13.400000 8 31 0.258
808 1 23.000000 13 62 0.210
808 2 21.600000 12 62 0.194
809 1 51.500000 18 41 0.439
809 2 18.500000 16 41 0.390
810 1 56.600000 17 269 0.063
810 2 62.200000 16 269 0.059
811 1 15.600000 11 37 0.297
811 2 10.800000 8 37 0.216
812 1 18.000000 10 90 0.111
812 2 28.500000 13 90 0.144
813 1 26.300000 9 75 0.120
813 2 22.700000 12 75 0.160
814 1 16.400000 9 82 0.110
814 2 21.200000 8 82 0.098
815 1 9.700000 11 47 0.234
815 2 22.300000 9 47 0.191
816 1 53.700000 12 77 0.156
816 2 16.300000 10 77 0.130
817 1 25.400000 11 182 0.060
817 2 32.000000 12 182 0.066
818 1 21.800000 10 214 0.047
818 2 27.200000 11 214 0.051
819 1 53.000000 9 150 0.060
819 2 41.000000 10 150 0.067
820 1 20.700000 8 72 0.111
820 2 19.000000 7 72 0.097
821 1 9.000000 8 35 0.229
821 2 17.000000 10 35 0.286
822 1 45.400000 11 243 0.045
822 2 91.600000 12 243 0.049
823 1 183.500000 24 212 0.113
823 2 141.500000 22 212 0.104
824 1 21.600000 11 74 0.149
824 2 18.800000 9 74 0.122
825 1 50.000000 15 184 0.082
825 2 62.000000 12 184 0.065
826 1 30.800000 11 42 0.262
826 2 27.200000 10 42 0.238
827 1 27.200000 8 29 0.276
827 2 27.200000 8 29 0.276
828 1 29.200000 10 105 0.095
828 2 18.000000 9 105 0.086
829 1 11.000000 8 26 0.308
829 2 27.500000 9 26 0.346
830 1 20.900000 10 101 0.099
830 2 16.700000 7 101 0.069
831 1 37.200000 8 29 0.276
831 2 13.200000 9 29 0.310
832 1 20.000000 9 109 0.083
832 2 42.500000 11 109 0.101
833 1 22.300000 10 56 0.179
833 2 9.700000 10 56 0.179
834 1 13.000000 12 22 0.545
834 2 20.700000 9 22 0.409
835 1 47.600000 11 41 0.268
835 2 29.600000 9 41 0.220
836 1 15.800000 10 58 0.172
836 2 9.200000 11 58 0.190
837 1 17.000000 10 49 0.204
837 2 30.500000 9 49 0.184
838 1 76.000000 11 22 0.500
838 2 24.000000 13 22 0.591
839 1 6.800000 10 28 0.357
839 2 9.200000 9 28 0.321
840 1 15.000000 10 90 0.111
840 2 14.000000 8 90 0.089
841 1 30.700000 10 180 0.056
841 2 22.300000 10 180 0.056
842 1 68.500000 27 265 0.102
842 2 35.600000 26 265 0.098
843 1 30.800000 13 238 0.055
843 2 49.700000 10 238 0.042
844 1 15.200000 9 76 0.118
844 2 14.100000 8 76 0.105
845 1 21.200000 14 49 0.286
845 2 37.200000 14 49 0.286
846 1 54.700000 11 33 0.333
846 2 41.100000 8 33 0.242
847 1 39.800000 17 33 0.515
847 2 16.400000 17 33 0.515
848 1 60.500000 11 51 0.216
848 2 44.000000 12 51 0.235
849 1 60.000000 8 141 0.057
849 2 52.000000 10 141 0.071
850 1 56.400000 11 44 0.250
850 2 44.500000 11 44 0.250
851 1 46.100000 28 261 0.107
851 2 69.500000 29 261 0.111
852 1 24.000000 10 46 0.217
852 2 30.000000 10 46 0.217
853 1 41.000000 13 122 0.107
853 2 60.500000 15 122 0.123
854 1 16.400000 11 26 0.423
854 2 25.400000 12 26 0.462
855 1 32.400000 8 78 0.103
855 2 32.400000 7 78 0.090
856 1 115.600000 14 217 0.065
856 2 112.400000 16 217 0.074
857 1 17.200000 10 31 0.323
857 2 13.400000 8 31 0.258
858 1 23.000000 13 62 0.210
858 2 21.600000 12 62 0.194
859 1 51.500000 18 41 0.439
859 2 18.500000 16 41 0.390
860 1 56.600000 17 269 0.063
860 2 62.200000 16 269 0.059
861 1 15.600000 11 37 0.297
861 2 10.800000 8 37 0.216
862 1 18.000000 10 90 0.111
862 2 28.500000 13 90 0.144
863 1 26.300000 9 75 0.120
863 2 22.700000 12 75 0.160
864 1 16.400000 9 82 0.110
864 2 21.200000 8 82 0.098
865 1 9.700000 11 47 0.234
865 2 22.300000 9 47 0.191
866 1 53.700000 12 77 0.156
866 2 16.300000 10 77 0.130
867 1 25.400000 11 182 0.060
867 2 32.000000 12 182 0.066
868 1 21.800000 10 214 0.047
868 2 27.200000 11 214 0.051
869 1 53.000000 9 150 0.060
869 2 41.000000 10 150 0.067
870 1 20.700000 8 72 0.111
870 2 19.000000 7 72 0.097
871 1 9.000000 8 35 0.229
871 2 17.000000 10 35 0.286
872 1 45.400000 11 243 0.045
872 2 91.600000 12 243 0.049
873 1 183.500000 24 212 0.113
873 2 141.500000 22 212 0.104
874 1 21.600000 11 74 0.149
874 2 18.800000 9 74 0.122
875 1 50.000000 15 184 0.082
875 2 62.000000 12 184 0.065
876 1 30.800000 11 42 0.262
876 2 27.200000 10 42 0.238
877 1 27.200000 8 29 0.276
877 2 27.200000 8 29 0.276
878 1 29.200000 10 105 0.095
878 2 18.000000 9 105 0.086
879 1 11.000000 8 26 0.308
879 2 27.500000 9 26 0.346
880 1 20.900000 10 101 0.099
880 2 16.700000 7 101 0.069
881 1 37.200000 8 29 0.276
881 2 13.200000 9 29 0.310
882 1 20.000000 9 109 0.083
882 2 42.500000 11 109 0.101
883 1 22.300000 10 56 0.179
883 2 9.700000 10 56 0.179
884 1 13.000000 12 22 0.545
884 2 20.700000 9 22 0.409
885 1 47.600000 11 41 0.268
885 2 29.600000 9 41 0.220
886 1 15.800000 10 58 0.172
886 2 9.200000 11 58 0.190
887 1 17.000000 10 49 0.204
887 2 30.500000 9 49 0.184
888 1 76.000000 11 22 0.500
888 2 24.000000 13 22 0.591
889 1 6.800000 10 28 0.357
889 2 9.200000 9 28 0.321
890 1 15.000000 10 90 0.111
890 2 14.000000 8 90 0.089
891 1 30.700000 10 180 0.056
891 2 22.300000 10 180 0.056
892 1 68.500000 27 265 0.102
892 2 35.600000 26 265 0.098
893 1 30.800000 13 238 0.055
893 2 49.700000 10 238 0.042
894 1 15.200000 9 76 0.118
894 2 14.100000 8 76 0.105
895 1 21.200000 14 49 0.286
895 2 37.200000 14 49 0.286
896 1 54.700000 11 33 0.333
896 2 41.100000 8 33 0.242
897 1 39.800000 17 33 0.515
897 2 16.400000 17 33 0.515
898 1 60.500000 11 51 0.216
898 2 44.000000 12 51 0.235
899 1 60.000000 8 141 0.057
899 2 52.000000 10 141 0.071
900 1 56.400000 11 44 0.250
900 2 44.500000 11 44 0.250
901 1 46.100000 28 261 0.107
901 2 69.500000 29 261 0.111
902 1 24.000000 10 46 0.217
902 2 30.000000 10 46 0.217
903 1 41.000000 13 122 0.107
903 2 60.500000 15 122 0.123
904 1 16.400000 11 26 0.423
904 2 25.400000 12 26 0.462
905 1 32.400000 8 78 0.103
905 2 32.400000 7 78 0.090
906 1 115.600000 14 217 0.065
906 2 112.400000 16 217 0.074
907 1 17.200000 10 31 0.323
907 2 13.400000 8 31 0.258
908 1 23.000000 13 62 0.210
908 2 21.600000 12 62 0.194
909 1 51.500000 18 41 0.439
909 2 18.500000 16 41 0.390
910 1 56.600000 17 269 0.063
910 2 62.200000 16 269 0.059
911 1 15.600000 11 37 0.297
911 2 10.800000 8 37 0.216
912 1 18.000000 10 90 0.111
912 2 28.500000 13 90 0.144
913 1 26.300000 9 75 0.120
913 2 22.700000 12 75 0.160
914 1 16.400000 9 82 0.110
914 2 21.200000 8 82 0.098
915 1 9.700000 11 47 0.234
915 2 22.300000 9 47 0.191
916 1 53.700000 12 77 0.156
916 2 16.300000 10 77 0.130
917 1 25.400000 11 182 0.060
917 2 32.000000 12 182 0.066
918 1 21.800000 10 214 0.047
918 2 27.200000 11 214 0.051
919 1 53.000000 9 150 0.060
919 2 41.000000 10 150 0.067
920 1 20.700000 8 72 0.111
920 2 19.000000 7 72 0.097
921 1 9.000000 8 35 0.229
921 2 17.000000 10 35 0.286
922 1 45.400000 11 243 0.045
922 2 91.600000 12 243 0.049
923 1 183.500000 24 212 0.113
923 2 141.500000 22 212 0.104
924 1 21.600000 11 74 0.149
924 2 18.800000 9 74 0.122
925 1 50.000000 15 184 0.082
925 2 62.000000 12 184 0.065
926 1 30.800000 11 42 0.262
926 2 27.200000 10 42 0.238
927 1 27.200000 8 29 0.276
927 2 27.200000 8 29 0.276
928 1 29.200000 10 105 0.095
928 2 18.000000 9 105 0.086
929 1 11.000000 8 26 0.308
929 2 27.500000 9 26 0.346
930 1 20.900000 10 101 0.099
930 2 16.700000 7 101 0.069
931 1 37.200000 8 29 0.276
931 2 13.200000 9 29 0.310
932 1 20.000000 9 109 0.083
932 2 42.500000 11 109 0.101
933 1 22.300000 10 56 0.179
933 2 9.700000 10 56 0.179
934 1 13.000000 12 22 0.545
934 2 20.700000 9 22 0.409
935 1 47.600000 11 41 0.268
935 2 29.600000 9 41 0.220
936 1 15.800000 10 58 0.172
936 2 9.200000 11 58 0.190
937 1 17.000000 10 49 0.204
937 2 30.500000 9 49 0.184
938 1 76.000000 11 22 0.500
938 2 24.000000 13 22 0.591
939 1 6.800000 10 28 0.357
939 2 9.200000 9 28 0.321
940 1 15.000000 10 90 0.111
940 2 14.000000 8 90 0.089
941 1 30.700000 10 180 0.056
941 2 22.300000 10 180 0.056
942 1 68.500000 27 265 0.102
942 2 35.600000 26 265 0.098
943 1 30.800000 13 238 0.055
943 2 49.700000 10 238 0.042
944 1 15.200000 9 76 0.118
944 2 14.100000 8 76 0.105
945 1 21.200000 14 49 0.286
945 2 37.200000 14 49 0.286
946 1 54.700000 11 33 0.333
946 2 41.100000 8 33 0.242
947 1 39.800000 17 33 0.515
947 2 16.400000 17 33 0.515
948 1 60.500000 11 51 0.216
948 2 44.000000 12 51 0.235
949 1 60.000000 8 141 0.057
949 2 52.000000 10 141 0.071
950 1 56.400000 11 44 0.250
950 2 44.500000 11 44 0.250
951 1 46.100000 28 261 0.107
951 2 69.500000 29 261 0.111
952 1 24.000000 10 46 0.217
952 2 30.000000 10 46 0.217
953 1 41.000000 13 122 0.107
953 2 60.500000 15 122 0.123
954 1 16.400000 11 26 0.423
954 2 25.400000 12 26 0.462
955 1 32.400000 8 78 0.103
955 2 32.400000 7 78 0.090
956 1 115.600000 14 217 0.065
956 2 112.400000 16 217 0.074
957 1 17.200000 10 31 0.323
957 2 13.400000 8 31 0.258
958 1 23.000000 13 62 0.210
958 2 21.600000 12 62 0.194
959 1 51.500000 18 41 0.439
959 2 18.500000 16 41 0.390
960 1 56.600000 17 269 0.063
960 2 62.200000 16 269 0.059
961 1 15.600000 11 37 0.297
961 2 10.800000 8 37 0.216
962 1 18.000000 10 90 0.111
962 2 28.500000 13 90 0.144
963 1 26.300000 9 75 0.120
963 2 22.700000 12 75 0.160
964 1 16.400000 9 82 0.110
964 2 21.200000 8 82 0.098
965 1 9.700000 11 47 0.234
965 2 22.300000 9 47 0.191
966 1 53.700000 12 77 0.156
966 2 16.300000 10 77 0.130
967 1 25.400000 11 182 0.060
967 2 32.000000 12 182 0.066
968 1 21.800000 10 214 0.047
968 2 27.200000 11 214 0.051
969 1 53.000000 9 150 0.060
969 2 41.000000 10 150 0.067
970 1 20.700000 8 72 0.111
970 2 19.000000 7 72 0.097
971 1 9.000000 8 35 0.229
971 2 17.000000 10 35 0.286
972 1 45.400000 11 243 0.045
972 2 91.600000 12 243 0.049
973 1 183.500000 24 212 0.113
973 2 141.500000 22 212 0.104
974 1 21.600000 11 74 0.149
974 2 18.800000 9 74 0.122
975 1 50.000000 15 184 0.082
975 2 62.000000 12 184 0.065
976 1 30.800000 11 42 0.262
976 2 27.200000 10 42 0.238
977 1 27.200000 8 29 0.276
977 2 27.200000 8 29 0.276
978 1 29.200000 10 105 0.095
978 2 18.000000 9 105 0.086
979 1 11.000000 8 26 0.308
979 2 27.500000 9 26 0.346
980 1 20.900000 10 101 0.099
980 2 16.700000 7 101 0.069
981 1 37.200000 8 29 0.276
981 2 13.200000 9 29 0.310
982 1 20.000000 9 109 0.083
982 2 42.500000 11 109 0.101
983 1 22.300000 10 56 0.179
983 2 9.700000 10 56 0.179
984 1 13.000000 12 22 0.545
984 2 20.700000 9 22 0.409
985 1 47.600000 11 41 0.268
985 2 29.600000 9 41 0.220
986 1 15.800000 10 58 0.172
986 2 9.200000 11 58 0.190
987 1 17.000000 10 49 0.204
987 2 30.500000 9 49 0.184
988 1 54.000000 11 22 0.500
988 2 1.000000 13 22 0.591
989 1 6.800000 10 28 0.357
989 2 9.200000 9 28 0.321
990 1 15.000000 10 90 0.111
990 2 14.000000 8 90 0.089
991 1 30.700000 10 180 0.056
991 2 22.300000 10 180 0.056
992 1 68.500000 27 265 0.102
992 2 35.600000 26 265 0.098
993 1 30.800000 13 238 0.055
993 2 49.700000 10 238 0.042
994 1 15.200000 9 76 0.118
994 2 14.100000 8 76 0.105
995 1 21.200000 14 49 0.286
995 2 37.200000 14 49 0.286
996 1 54.700000 11 33 0.333
996 2 41.100000 8 33 0.242
997 1 39.800000 17 33 0.515
997 2 16.400000 17 33 0.515
998 1 60.500000 11 51 0.216
998 2 44.000000 12 51 0.235
999 1 60.000000 8 141 0.057
999 2 52.000000 10 141 0.071
1000 1 56.400000 11 44 0.250
1000 2 44.500000 11 44 0.250
