p 100 3
b 1 1383.800000
b 2 1249.600000
b 3 877.400000
b 4 372.400000
b 5 95.800000
b 6 986.300000
b 7 601.900000
b 8 494.400000
b 9 109.200000
b 10 84.700000
b 11 200.600000
b 12 129.200000
b 13 128.800000
b 14 550.200000
b 15 1359.500000
b 16 1324.400000
b 17 2294.400000
b 18 193.100000
b 19 2444.800000
b 20 217.500000
b 21 882.800000
b 22 619.600000
b 23 239.600000
b 24 1747.700000
b 25 350.100000
b 26 2633.800000
b 27 134.200000
b 28 85.000000
b 29 3126.500000
b 30 62.300000
b 31 2288.000000
b 32 389.900000
b 33 2999.900000
b 34 1660.000000
b 35 976.300000
b 36 244.500000
b 37 1463.600000
b 38 351.000000
b 39 545.000000
b 40 237.600000
b 41 1681.100000
b 42 437.000000
b 43 656.000000
b 44 903.200000
b 45 238.500000
b 46 178.900000
b 47 1788.200000
b 48 258.900000
b 49 270.900000
b 50 80.400000
b 51 453.500000
b 52 185.200000
b 53 776.500000
b 54 131.700000
b 55 728.200000
b 56 2669.300000
b 57 176.100000
b 58 1640.500000
b 59 293.400000
b 60 815.000000
b 61 878.100000
b 62 622.300000
b 63 625.100000
b 64 154.700000
b 65 136.700000
b 66 996.000000
b 67 18.100000
b 68 418.500000
b 69 133.600000
b 70 2963.800000
b 71 859.100000
b 72 514.600000
b 73 126.500000
b 74 247.800000
b 75 710.400000
b 76 374.200000
b 77 454.600000
b 78 1486.400000
b 79 41.900000
b 80 553.800000
b 81 1656.900000
b 82 186.800000
b 83 2289.600000
b 84 119.400000
b 85 1689.800000
b 86 1997.200000
b 87 259.400000
b 88 2055.000000
b 89 221.800000
b 90 197.100000
b 91 170.200000
b 92 1381.100000
b 93 287.500000
b 94 254.900000
b 95 164.200000
b 96 102.200000
b 97 1416.500000
b 98 172.700000
b 99 296.600000
b 100 527.100000
d 1 1 14
d 1 2 1
d 1 3 72
d 2 1 16
d 2 2 2
d 2 3 75
d 3 1 16
d 3 2 2
d 3 3 62
d 4 1 14
d 4 2 2
d 4 3 83
d 5 1 7
d 5 2 1
d 5 3 61
d 6 1 12
d 6 2 2
d 6 3 93
d 7 1 20
d 7 2 4
d 7 3 80
d 8 1 16
d 8 2 4
d 8 3 70
d 9 1 16
d 9 2 4
d 9 3 61
d 10 1 12
d 10 2 3
d 10 3 85
d 11 1 8
d 11 2 2
d 11 3 69
d 12 1 19
d 12 2 5
d 12 3 54
d 13 1 18
d 13 2 6
d 13 3 88
d 14 1 6
d 14 2 2
d 14 3 71
d 15 1 12
d 15 2 4
d 15 3 85
d 16 1 14
d 16 2 6
d 16 3 93
d 17 1 12
d 17 2 6
d 17 3 83
d 18 1 8
d 18 2 4
d 18 3 83
d 19 1 20
d 19 2 11
d 19 3 48
d 20 1 14
d 20 2 8
d 20 3 46
d 21 1 14
d 21 2 8
d 21 3 69
d 22 1 10
d 22 2 6
d 22 3 91
d 23 1 20
d 23 2 13
d 23 3 60
d 24 1 20
d 24 2 13
d 24 3 48
d 25 1 14
d 25 2 10
d 25 3 73
d 26 1 14
d 26 2 10
d 26 3 78
d 27 1 16
d 27 2 12
d 27 3 71
d 28 1 6
d 28 2 6
d 28 3 52
d 29 1 14
d 29 2 14
d 29 3 93
d 30 1 2
d 30 2 2
d 30 3 44
d 31 1 12
d 31 2 12
d 31 3 41
d 32 1 2
d 32 2 2
d 32 3 85
d 33 1 15
d 33 2 15
d 33 3 99
d 34 1 15
d 34 2 17
d 34 3 81
d 35 1 20
d 35 2 24
d 35 3 90
d 36 1 12
d 36 2 16
d 36 3 57
d 37 1 16
d 37 2 22
d 37 3 42
d 38 1 17
d 38 2 24
d 38 3 56
d 39 1 7
d 39 2 10
d 39 3 98
d 40 1 15
d 40 2 22
d 40 3 65
d 41 1 20
d 41 2 30
d 41 3 42
d 42 1 13
d 42 2 21
d 42 3 92
d 43 1 17
d 43 2 28
d 43 3 53
d 44 1 18
d 44 2 30
d 44 3 73
d 45 1 14
d 45 2 24
d 45 3 69
d 46 1 10
d 46 2 18
d 46 3 94
d 47 1 12
d 47 2 22
d 47 3 94
d 48 1 4
d 48 2 8
d 48 3 61
d 49 1 4
d 49 2 8
d 49 3 95
d 50 1 4
d 50 2 8
d 50 3 87
d 51 1 8
d 51 2 16
d 51 3 82
d 52 1 10
d 52 2 20
d 52 3 67
d 53 1 14
d 53 2 28
d 53 3 89
d 54 1 5
d 54 2 10
d 54 3 92
d 55 1 5
d 55 2 10
d 55 3 56
d 56 1 11
d 56 2 27
d 56 3 95
d 57 1 8
d 57 2 22
d 57 3 59
d 58 1 10
d 58 2 28
d 58 3 86
d 59 1 10
d 59 2 28
d 59 3 51
d 60 1 8
d 60 2 24
d 60 3 86
d 61 1 8
d 61 2 24
d 61 3 87
d 62 1 10
d 62 2 30
d 62 3 91
d 63 1 8
d 63 2 24
d 63 3 81
d 64 1 10
d 64 2 30
d 64 3 78
d 65 1 2
d 65 2 6
d 65 3 62
d 66 1 4
d 66 2 12
d 66 3 96
d 67 1 1
d 67 2 3
d 67 3 46
d 68 1 3
d 68 2 9
d 68 3 64
d 69 1 2
d 69 2 6
d 69 3 51
d 70 1 10
d 70 2 30
d 70 3 97
d 71 1 10
d 71 2 30
d 71 3 100
d 72 1 8
d 72 2 26
d 72 3 46
d 73 1 3
d 73 2 10
d 73 3 40
d 74 1 6
d 74 2 20
d 74 3 50
d 75 1 8
d 75 2 30
d 75 3 64
d 76 1 4
d 76 2 16
d 76 3 43
d 77 1 6
d 77 2 24
d 77 3 84
d 78 1 6
d 78 2 24
d 78 3 94
d 79 1 2
d 79 2 8
d 79 3 86
d 80 1 6
d 80 2 24
d 80 3 43
d 81 1 6
d 81 2 24
d 81 3 93
d 82 1 4
d 82 2 16
d 82 3 41
d 83 1 6
d 83 2 24
d 83 3 96
d 84 1 3
d 84 2 12
d 84 3 83
d 85 1 6
d 85 2 26
d 85 3 98
d 86 1 5
d 86 2 23
d 86 3 50
d 87 1 6
d 87 2 30
d 87 3 53
d 88 1 6
d 88 2 30
d 88 3 94
d 89 1 5
d 89 2 25
d 89 3 84
d 90 1 6
d 90 2 30
d 90 3 77
d 91 1 1
d 91 2 5
d 91 3 74
d 92 1 6
d 92 2 30
d 92 3 79
d 93 1 4
d 93 2 22
d 93 3 82
d 94 1 4
d 94 2 24
d 94 3 83
d 95 1 2
d 95 2 12
d 95 3 95
d 96 1 4
d 96 2 24
d 96 3 86
d 97 1 4
d 97 2 26
d 97 3 96
d 98 1 2
d 98 2 13
d 98 3 92
d 99 1 3
d 99 2 21
d 99 3 50
d 100 1 2
d 100 2 14
d 100 3 63
r 690 1200 10240
