1
690 1200 10240
103
14 1 72
16 2 75
16 2 62
14 2 83
7 1 61
12 2 93
20 4 80
16 4 70
16 4 61
12 3 85
8 2 69
19 5 54
18 6 88
6 2 71
12 4 85
14 6 93
12 6 83
8 4 83
20 11 48
14 8 46
14 8 69
10 6 91
20 13 60
20 13 48
14 10 73
14 10 78
16 12 71
6 6 52
14 14 93
2 2 44
12 12 41
2 2 85
15 15 99
15 17 81
20 24 90
12 16 57
16 22 42
17 24 56
7 10 98
15 22 65
20 30 42
13 21 92
17 28 53
18 30 73
14 24 69
10 18 94
12 22 94
4 8 61
4 8 95
4 8 87
8 16 82
10 20 67
14 28 89
5 10 92
5 10 56
11 27 95
8 22 59
10 28 86
10 28 51
8 24 86
8 24 87
10 30 91
8 24 81
10 30 78
2 6 62
4 12 96
1 3 46
3 9 64
2 6 51
10 30 97
10 30 100
8 26 46
3 10 40
6 20 50
8 30 64
4 16 43
6 24 84
6 24 94
2 8 86
6 24 43
6 24 93
4 16 41
6 24 96
3 12 83
6 26 98
5 23 50
6 30 53
6 30 94
5 25 84
6 30 77
1 5 74
6 30 79
4 22 82
4 24 83
2 12 95
4 24 86
4 26 96
2 13 92
3 21 50
2 14 63
3 24 49
1 21 74
1 28 65
