50
2
165
165
1 1 44.1 24
1 2 67.5 25
2 1 22.0 6
2 2 28.0 6
3 1 39.0 9
3 2 58.5 11
4 1 14.4 7
4 2 23.4 8
5 1 30.4 4
5 2 30.4 3
6 1 113.6 10
6 2 110.4 12
7 1 15.2 6
7 2 11.4 4
8 1 21.0 9
8 2 19.6 8
9 1 49.5 14
9 2 16.5 12
10 1 54.6 13
10 2 60.2 12
11 1 13.6 7
11 2 8.8 4
12 1 16.0 6
12 2 26.5 9
13 1 24.3 5
13 2 20.7 8
14 1 14.4 5
14 2 19.2 4
15 1 7.7 7
15 2 20.3 5
16 1 51.7 8
16 2 14.3 6
17 1 23.4 7
17 2 30.0 8
18 1 19.8 6
18 2 25.2 7
19 1 51.0 5
19 2 39.0 6
20 1 18.7 4
20 2 17.0 3
21 1 7.0 4
21 2 15.0 6
22 1 43.4 7
22 2 89.6 8
23 1 181.5 20
23 2 139.5 18
24 1 19.6 7
24 2 16.8 5
25 1 48.0 11
25 2 60.0 8
26 1 28.8 7
26 2 25.2 6
27 1 25.2 4
27 2 25.2 4
28 1 27.2 6
28 2 16.0 5
29 1 9.0 4
29 2 25.5 5
30 1 18.9 6
30 2 14.7 3
31 1 35.2 4
31 2 11.2 5
32 1 18.0 5
32 2 40.5 7
33 1 20.3 6
33 2 7.7 6
34 1 11.0 8
34 2 18.7 5
35 1 45.6 7
35 2 27.6 5
36 1 13.8 6
36 2 7.2 7
37 1 15.0 6
37 2 28.5 5
38 1 74.0 7
38 2 22.0 9
39 1 4.8 6
39 2 7.2 5
40 1 13.0 6
40 2 12.0 4
41 1 28.7 6
41 2 20.3 6
42 1 66.5 23
42 2 33.6 22
43 1 28.8 9
43 2 47.7 6
44 1 13.2 5
44 2 12.1 4
45 1 19.2 10
45 2 35.2 10
46 1 52.7 7
46 2 39.1 4
47 1 37.8 13
47 2 14.4 13
48 1 58.5 7
48 2 42.0 8
49 1 58.0 4
49 2 50.0 6
50 1 54.4 7
50 2 42.5 7
1 259
2 44
3 120
4 24
5 76
6 215
7 29
8 60
9 39
10 267
11 35
12 88
13 73
14 80
15 45
16 75
17 180
18 212
19 148
20 70
21 33
22 241
23 210
24 72
25 182
26 40
27 27
28 103
29 24
30 99
31 27
32 107
33 54
34 20
35 39
36 56
37 47
38 20
39 26
40 88
41 178
42 263
43 236
44 74
45 47
46 31
47 31
48 49
49 139
50 42
