100
5
50
50
50
50
50
1 1 44.1 26
1 2 67.5 27
1 3 43.1 27
1 4 68.5 26
1 5 43.1 27
2 1 22.0 8
2 2 28.0 8
2 3 21.0 9
2 4 29.0 7
2 5 21.0 9
3 1 39.0 11
3 2 58.5 13
3 3 38.0 12
3 4 59.5 12
3 5 38.0 12
4 1 14.4 9
4 2 23.4 10
4 3 13.4 10
4 4 24.4 9
4 5 13.4 10
5 1 30.4 6
5 2 30.4 5
5 3 29.4 7
5 4 31.4 4
5 5 29.4 7
6 1 113.6 12
6 2 110.4 14
6 3 112.6 13
6 4 111.4 13
6 5 112.6 13
7 1 15.2 8
7 2 11.4 6
7 3 14.2 9
7 4 12.4 5
7 5 14.2 9
8 1 21.0 11
8 2 19.6 10
8 3 20.0 12
8 4 20.6 9
8 5 20.0 12
9 1 49.5 16
9 2 16.5 14
9 3 48.5 17
9 4 17.5 13
9 5 48.5 17
10 1 54.6 15
10 2 60.2 14
10 3 53.6 16
10 4 61.2 13
10 5 53.6 16
11 1 13.6 9
11 2 8.8 6
11 3 12.6 10
11 4 9.8 5
11 5 12.6 10
12 1 16.0 8
12 2 26.5 11
12 3 15.0 9
12 4 27.5 10
12 5 15.0 9
13 1 24.3 7
13 2 20.7 10
13 3 23.3 8
13 4 21.7 9
13 5 23.3 8
14 1 14.4 7
14 2 19.2 6
14 3 13.4 8
14 4 20.2 5
14 5 13.4 8
15 1 7.7 9
15 2 20.3 7
15 3 6.7 10
15 4 21.3 6
15 5 6.7 10
16 1 51.7 10
16 2 14.3 8
16 3 50.7 11
16 4 15.3 7
16 5 50.7 11
17 1 23.4 9
17 2 30.0 10
17 3 22.4 10
17 4 31.0 9
17 5 22.4 10
18 1 19.8 8
18 2 25.2 9
18 3 18.8 9
18 4 26.2 8
18 5 18.8 9
19 1 51.0 7
19 2 39.0 8
19 3 50.0 8
19 4 40.0 7
19 5 50.0 8
20 1 18.7 6
20 2 17.0 5
20 3 17.7 7
20 4 18.0 4
20 5 17.7 7
21 1 7.0 6
21 2 15.0 8
21 3 6.0 7
21 4 16.0 7
21 5 6.0 7
22 1 43.4 9
22 2 89.6 10
22 3 42.4 10
22 4 90.6 9
22 5 42.4 10
23 1 181.5 22
23 2 139.5 20
23 3 180.5 23
23 4 140.5 19
23 5 180.5 23
24 1 19.6 9
24 2 16.8 7
24 3 18.6 10
24 4 17.8 6
24 5 18.6 10
25 1 48.0 13
25 2 60.0 10
25 3 47.0 14
25 4 61.0 9
25 5 47.0 14
26 1 28.8 9
26 2 25.2 8
26 3 27.8 10
26 4 26.2 7
26 5 27.8 10
27 1 25.2 6
27 2 25.2 6
27 3 24.2 7
27 4 26.2 5
27 5 24.2 7
28 1 27.2 8
28 2 16.0 7
28 3 26.2 9
28 4 17.0 6
28 5 26.2 9
29 1 9.0 6
29 2 25.5 7
29 3 8.0 7
29 4 26.5 6
29 5 8.0 7
30 1 18.9 8
30 2 14.7 5
30 3 17.9 9
30 4 15.7 4
30 5 17.9 9
31 1 35.2 6
31 2 11.2 7
31 3 34.2 7
31 4 12.2 6
31 5 34.2 7
32 1 18.0 7
32 2 40.5 9
32 3 17.0 8
32 4 41.5 8
32 5 17.0 8
33 1 20.3 8
33 2 7.7 8
33 3 19.3 9
33 4 8.7 7
33 5 19.3 9
34 1 11.0 10
34 2 18.7 7
34 3 10.0 11
34 4 19.7 6
34 5 10.0 11
35 1 45.6 9
35 2 27.6 7
35 3 44.6 10
35 4 28.6 6
35 5 44.6 10
36 1 13.8 8
36 2 7.2 9
36 3 12.8 9
36 4 8.2 8
36 5 12.8 9
37 1 15.0 8
37 2 28.5 7
37 3 14.0 9
37 4 29.5 6
37 5 14.0 9
38 1 74.0 9
38 2 22.0 11
38 3 73.0 10
38 4 23.0 10
38 5 73.0 10
39 1 4.8 8
39 2 7.2 7
39 3 3.8 9
39 4 8.2 6
39 5 3.8 9
40 1 13.0 8
40 2 12.0 6
40 3 12.0 9
40 4 13.0 5
40 5 12.0 9
41 1 28.7 8
41 2 20.3 8
41 3 27.7 9
41 4 21.3 7
41 5 27.7 9
42 1 66.5 25
42 2 33.6 24
42 3 65.5 26
42 4 34.6 23
42 5 65.5 26
43 1 28.8 11
43 2 47.7 8
43 3 27.8 12
43 4 48.7 7
43 5 27.8 12
44 1 13.2 7
44 2 12.1 6
44 3 12.2 8
44 4 13.1 5
44 5 12.2 8
45 1 19.2 12
45 2 35.2 12
45 3 18.2 13
45 4 36.2 11
45 5 18.2 13
46 1 52.7 9
46 2 39.1 6
46 3 51.7 10
46 4 40.1 5
46 5 51.7 10
47 1 37.8 15
47 2 14.4 15
47 3 36.8 16
47 4 15.4 14
47 5 36.8 16
48 1 58.5 9
48 2 42.0 10
48 3 57.5 10
48 4 43.0 9
48 5 57.5 10
49 1 58.0 6
49 2 50.0 8
49 3 57.0 7
49 4 51.0 7
49 5 57.0 7
50 1 54.4 9
50 2 42.5 9
50 3 53.4 10
50 4 43.5 8
50 5 53.4 10
51 1 44.1 26
51 2 67.5 27
51 3 43.1 27
51 4 68.5 26
51 5 43.1 27
52 1 22.0 8
52 2 28.0 8
52 3 21.0 9
52 4 29.0 7
52 5 21.0 9
53 1 39.0 11
53 2 58.5 13
53 3 38.0 12
53 4 59.5 12
53 5 38.0 12
54 1 14.4 9
54 2 23.4 10
54 3 13.4 10
54 4 24.4 9
54 5 13.4 10
55 1 30.4 6
55 2 30.4 5
55 3 29.4 7
55 4 31.4 4
55 5 29.4 7
56 1 113.6 12
56 2 110.4 14
56 3 112.6 13
56 4 111.4 13
56 5 112.6 13
57 1 15.2 8
57 2 11.4 6
57 3 14.2 9
57 4 12.4 5
57 5 14.2 9
58 1 21.0 11
58 2 19.6 10
58 3 20.0 12
58 4 20.6 9
58 5 20.0 12
59 1 49.5 16
59 2 16.5 14
59 3 48.5 17
59 4 17.5 13
59 5 48.5 17
60 1 54.6 15
60 2 60.2 14
60 3 53.6 16
60 4 61.2 13
60 5 53.6 16
61 1 13.6 9
61 2 8.8 6
61 3 12.6 10
61 4 9.8 5
61 5 12.6 10
62 1 16.0 8
62 2 26.5 11
62 3 15.0 9
62 4 27.5 10
62 5 15.0 9
63 1 24.3 7
63 2 20.7 10
63 3 23.3 8
63 4 21.7 9
63 5 23.3 8
64 1 14.4 7
64 2 19.2 6
64 3 13.4 8
64 4 20.2 5
64 5 13.4 8
65 1 7.7 9
65 2 20.3 7
65 3 6.7 10
65 4 21.3 6
65 5 6.7 10
66 1 51.7 10
66 2 14.3 8
66 3 50.7 11
66 4 15.3 7
66 5 50.7 11
67 1 23.4 9
67 2 30.0 10
67 3 22.4 10
67 4 31.0 9
67 5 22.4 10
68 1 19.8 8
68 2 25.2 9
68 3 18.8 9
68 4 26.2 8
68 5 18.8 9
69 1 51.0 7
69 2 39.0 8
69 3 50.0 8
69 4 40.0 7
69 5 50.0 8
70 1 18.7 6
70 2 17.0 5
70 3 17.7 7
70 4 18.0 4
70 5 17.7 7
71 1 7.0 6
71 2 15.0 8
71 3 6.0 7
71 4 16.0 7
71 5 6.0 7
72 1 43.4 9
72 2 89.6 10
72 3 42.4 10
72 4 90.6 9
72 5 42.4 10
73 1 181.5 22
73 2 139.5 20
73 3 180.5 23
73 4 140.5 19
73 5 180.5 23
74 1 19.6 9
74 2 16.8 7
74 3 18.6 10
74 4 17.8 6
74 5 18.6 10
75 1 48.0 13
75 2 60.0 10
75 3 47.0 14
75 4 61.0 9
75 5 47.0 14
76 1 28.8 9
76 2 25.2 8
76 3 27.8 10
76 4 26.2 7
76 5 27.8 10
77 1 25.2 6
77 2 25.2 6
77 3 24.2 7
77 4 26.2 5
77 5 24.2 7
78 1 27.2 8
78 2 16.0 7
78 3 26.2 9
78 4 17.0 6
78 5 26.2 9
79 1 9.0 6
79 2 25.5 7
79 3 8.0 7
79 4 26.5 6
79 5 8.0 7
80 1 18.9 8
80 2 14.7 5
80 3 17.9 9
80 4 15.7 4
80 5 17.9 9
81 1 35.2 6
81 2 11.2 7
81 3 34.2 7
81 4 12.2 6
81 5 34.2 7
82 1 18.0 7
82 2 40.5 9
82 3 17.0 8
82 4 41.5 8
82 5 17.0 8
83 1 20.3 8
83 2 7.7 8
83 3 19.3 9
83 4 8.7 7
83 5 19.3 9
84 1 11.0 10
84 2 18.7 7
84 3 10.0 11
84 4 19.7 6
84 5 10.0 11
85 1 45.6 9
85 2 27.6 7
85 3 44.6 10
85 4 28.6 6
85 5 44.6 10
86 1 13.8 8
86 2 7.2 9
86 3 12.8 9
86 4 8.2 8
86 5 12.8 9
87 1 15.0 8
87 2 28.5 7
87 3 14.0 9
87 4 29.5 6
87 5 14.0 9
88 1 74.0 9
88 2 22.0 11
88 3 73.0 10
88 4 23.0 10
88 5 73.0 10
89 1 4.8 8
89 2 7.2 7
89 3 3.8 9
89 4 8.2 6
89 5 3.8 9
90 1 13.0 8
90 2 12.0 6
90 3 12.0 9
90 4 13.0 5
90 5 12.0 9
91 1 28.7 8
91 2 20.3 8
91 3 27.7 9
91 4 21.3 7
91 5 27.7 9
92 1 66.5 25
92 2 33.6 24
92 3 65.5 26
92 4 34.6 23
92 5 65.5 26
93 1 28.8 11
93 2 47.7 8
93 3 27.8 12
93 4 48.7 7
93 5 27.8 12
94 1 13.2 7
94 2 12.1 6
94 3 12.2 8
94 4 13.1 5
94 5 12.2 8
95 1 19.2 12
95 2 35.2 12
95 3 18.2 13
95 4 36.2 11
95 5 18.2 13
96 1 52.7 9
96 2 39.1 6
96 3 51.7 10
96 4 40.1 5
96 5 51.7 10
97 1 37.8 15
97 2 14.4 15
97 3 36.8 16
97 4 15.4 14
97 5 36.8 16
98 1 58.5 9
98 2 42.0 10
98 3 57.5 10
98 4 43.0 9
98 5 57.5 10
99 1 58.0 6
99 2 50.0 8
99 3 57.0 7
99 4 51.0 7
99 5 57.0 7
100 1 54.4 9
100 2 42.5 9
100 3 53.4 10
100 4 43.5 8
100 5 53.4 10
1 259
2 44
3 120
4 24
5 76
6 215
7 29
8 60
9 39
10 267
11 35
12 88
13 73
14 80
15 45
16 75
17 180
18 212
19 148
20 70
21 33
22 241
23 210
24 72
25 182
26 40
27 27
28 103
29 24
30 99
31 27
32 107
33 54
34 20
35 39
36 56
37 47
38 20
39 26
40 88
41 178
42 263
43 236
44 74
45 47
46 31
47 31
48 49
49 139
50 42
51 259
52 44
53 120
54 24
55 76
56 215
57 29
58 60
59 39
60 267
61 35
62 88
63 73
64 80
65 45
66 75
67 180
68 212
69 148
70 70
71 33
72 241
73 210
74 72
75 182
76 40
77 27
78 103
79 24
80 99
81 27
82 107
83 54
84 20
85 39
86 56
87 47
88 20
89 26
90 88
91 178
92 263
93 236
94 74
95 47
96 31
97 31
98 49
99 139
100 42
