100
2
50
50
1 1 44.1 26
1 2 67.5 27
2 1 22.0 8
2 2 28.0 8
3 1 39.0 11
3 2 58.5 13
4 1 14.4 9
4 2 23.4 10
5 1 30.4 6
5 2 30.4 5
6 1 113.6 12
6 2 110.4 14
7 1 15.2 8
7 2 11.4 6
8 1 21.0 11
8 2 19.6 10
9 1 49.5 16
9 2 16.5 14
10 1 54.6 15
10 2 60.2 14
11 1 13.6 9
11 2 8.8 6
12 1 16.0 8
12 2 26.5 11
13 1 24.3 7
13 2 20.7 10
14 1 14.4 7
14 2 19.2 6
15 1 7.7 9
15 2 20.3 7
16 1 51.7 10
16 2 14.3 8
17 1 23.4 9
17 2 30.0 10
18 1 19.8 8
18 2 25.2 9
19 1 51.0 7
19 2 39.0 8
20 1 18.7 6
20 2 17.0 5
21 1 7.0 6
21 2 15.0 8
22 1 43.4 9
22 2 89.6 10
23 1 181.5 22
23 2 139.5 20
24 1 19.6 9
24 2 16.8 7
25 1 48.0 13
25 2 60.0 10
26 1 28.8 9
26 2 25.2 8
27 1 25.2 6
27 2 25.2 6
28 1 27.2 8
28 2 16.0 7
29 1 9.0 6
29 2 25.5 7
30 1 18.9 8
30 2 14.7 5
31 1 35.2 6
31 2 11.2 7
32 1 18.0 7
32 2 40.5 9
33 1 20.3 8
33 2 7.7 8
34 1 11.0 10
34 2 18.7 7
35 1 45.6 9
35 2 27.6 7
36 1 13.8 8
36 2 7.2 9
37 1 15.0 8
37 2 28.5 7
38 1 74.0 9
38 2 22.0 11
39 1 4.8 8
39 2 7.2 7
40 1 13.0 8
40 2 12.0 6
41 1 28.7 8
41 2 20.3 8
42 1 66.5 25
42 2 33.6 24
43 1 28.8 11
43 2 47.7 8
44 1 13.2 7
44 2 12.1 6
45 1 19.2 12
45 2 35.2 12
46 1 52.7 9
46 2 39.1 6
47 1 37.8 15
47 2 14.4 15
48 1 58.5 9
48 2 42.0 10
49 1 58.0 6
49 2 50.0 8
50 1 54.4 9
50 2 42.5 9
51 1 44.1 26
51 2 67.5 27
52 1 22.0 8
52 2 28.0 8
53 1 39.0 11
53 2 58.5 13
54 1 14.4 9
54 2 23.4 10
55 1 30.4 6
55 2 30.4 5
56 1 113.6 12
56 2 110.4 14
57 1 15.2 8
57 2 11.4 6
58 1 21.0 11
58 2 19.6 10
59 1 49.5 16
59 2 16.5 14
60 1 54.6 15
60 2 60.2 14
61 1 13.6 9
61 2 8.8 6
62 1 16.0 8
62 2 26.5 11
63 1 24.3 7
63 2 20.7 10
64 1 14.4 7
64 2 19.2 6
65 1 7.7 9
65 2 20.3 7
66 1 51.7 10
66 2 14.3 8
67 1 23.4 9
67 2 30.0 10
68 1 19.8 8
68 2 25.2 9
69 1 51.0 7
69 2 39.0 8
70 1 18.7 6
70 2 17.0 5
71 1 7.0 6
71 2 15.0 8
72 1 43.4 9
72 2 89.6 10
73 1 181.5 22
73 2 139.5 20
74 1 19.6 9
74 2 16.8 7
75 1 48.0 13
75 2 60.0 10
76 1 28.8 9
76 2 25.2 8
77 1 25.2 6
77 2 25.2 6
78 1 27.2 8
78 2 16.0 7
79 1 9.0 6
79 2 25.5 7
80 1 18.9 8
80 2 14.7 5
81 1 35.2 6
81 2 11.2 7
82 1 18.0 7
82 2 40.5 9
83 1 20.3 8
83 2 7.7 8
84 1 11.0 10
84 2 18.7 7
85 1 45.6 9
85 2 27.6 7
86 1 13.8 8
86 2 7.2 9
87 1 15.0 8
87 2 28.5 7
88 1 74.0 9
88 2 22.0 11
89 1 4.8 8
89 2 7.2 7
90 1 13.0 8
90 2 12.0 6
91 1 28.7 8
91 2 20.3 8
92 1 66.5 25
92 2 33.6 24
93 1 28.8 11
93 2 47.7 8
94 1 13.2 7
94 2 12.1 6
95 1 19.2 12
95 2 35.2 12
96 1 52.7 9
96 2 39.1 6
97 1 37.8 15
97 2 14.4 15
98 1 58.5 9
98 2 42.0 10
99 1 58.0 6
99 2 50.0 8
100 1 54.4 9
100 2 42.5 9
1 259
2 44
3 120
4 24
5 76
6 215
7 29
8 60
9 39
10 267
11 35
12 88
13 73
14 80
15 45
16 75
17 180
18 212
19 148
20 70
21 33
22 241
23 210
24 72
25 182
26 40
27 27
28 103
29 24
30 99
31 27
32 107
33 54
34 20
35 39
36 56
37 47
38 20
39 26
40 88
41 178
42 263
43 236
44 74
45 47
46 31
47 31
48 49
49 139
50 42
51 259
52 44
53 120
54 24
55 76
56 215
57 29
58 60
59 39
60 267
61 35
62 88
63 73
64 80
65 45
66 75
67 180
68 212
69 148
70 70
71 33
72 241
73 210
74 72
75 182
76 40
77 27
78 103
79 24
80 99
81 27
82 107
83 54
84 20
85 39
86 56
87 47
88 20
89 26
90 88
91 178
92 263
93 236
94 74
95 47
96 31
97 31
98 49
99 139
100 42
