100
15
50
50
50
50
50
50
50
50
50
50
50
50
50
50
50
1 1 44.1 26
1 2 67.5 27
1 3 43.1 27
1 4 68.5 26
1 5 43.1 27
1 6 45.1 25
1 7 66.5 28
1 8 44.1 26
1 9 67.5 27
1 10 44.1 26
1 11 43.1 27
1 12 68.5 26
1 13 42.1 28
1 14 69.5 25
1 15 42.1 28
2 1 22.0 8
2 2 28.0 8
2 3 21.0 9
2 4 29.0 7
2 5 21.0 9
2 6 23.0 7
2 7 27.0 9
2 8 22.0 8
2 9 28.0 8
2 10 22.0 8
2 11 21.0 9
2 12 29.0 7
2 13 20.0 10
2 14 30.0 6
2 15 20.0 10
3 1 39.0 11
3 2 58.5 13
3 3 38.0 12
3 4 59.5 12
3 5 38.0 12
3 6 40.0 10
3 7 57.5 14
3 8 39.0 11
3 9 58.5 13
3 10 39.0 11
3 11 38.0 12
3 12 59.5 12
3 13 37.0 13
3 14 60.5 11
3 15 37.0 13
4 1 14.4 9
4 2 23.4 10
4 3 13.4 10
4 4 24.4 9
4 5 13.4 10
4 6 15.4 8
4 7 22.4 11
4 8 14.4 9
4 9 23.4 10
4 10 14.4 9
4 11 13.4 10
4 12 24.4 9
4 13 12.4 11
4 14 25.4 8
4 15 12.4 11
5 1 30.4 6
5 2 30.4 5
5 3 29.4 7
5 4 31.4 4
5 5 29.4 7
5 6 31.4 5
5 7 29.4 6
5 8 30.4 6
5 9 30.4 5
5 10 30.4 6
5 11 29.4 7
5 12 31.4 4
5 13 28.4 8
5 14 32.4 3
5 15 28.4 8
6 1 113.6 12
6 2 110.4 14
6 3 112.6 13
6 4 111.4 13
6 5 112.6 13
6 6 114.6 11
6 7 109.4 15
6 8 113.6 12
6 9 110.4 14
6 10 113.6 12
6 11 112.6 13
6 12 111.4 13
6 13 111.6 14
6 14 112.4 12
6 15 111.6 14
7 1 15.2 8
7 2 11.4 6
7 3 14.2 9
7 4 12.4 5
7 5 14.2 9
7 6 16.2 7
7 7 10.4 7
7 8 15.2 8
7 9 11.4 6
7 10 15.2 8
7 11 14.2 9
7 12 12.4 5
7 13 13.2 10
7 14 13.4 4
7 15 13.2 10
8 1 21.0 11
8 2 19.6 10
8 3 20.0 12
8 4 20.6 9
8 5 20.0 12
8 6 22.0 10
8 7 18.6 11
8 8 21.0 11
8 9 19.6 10
8 10 21.0 11
8 11 20.0 12
8 12 20.6 9
8 13 19.0 13
8 14 21.6 8
8 15 19.0 13
9 1 49.5 16
9 2 16.5 14
9 3 48.5 17
9 4 17.5 13
9 5 48.5 17
9 6 50.5 15
9 7 15.5 15
9 8 49.5 16
9 9 16.5 14
9 10 49.5 16
9 11 48.5 17
9 12 17.5 13
9 13 47.5 18
9 14 18.5 12
9 15 47.5 18
10 1 54.6 15
10 2 60.2 14
10 3 53.6 16
10 4 61.2 13
10 5 53.6 16
10 6 55.6 14
10 7 59.2 15
10 8 54.6 15
10 9 60.2 14
10 10 54.6 15
10 11 53.6 16
10 12 61.2 13
10 13 52.6 17
10 14 62.2 12
10 15 52.6 17
11 1 13.6 9
11 2 8.8 6
11 3 12.6 10
11 4 9.8 5
11 5 12.6 10
11 6 14.6 8
11 7 7.8 7
11 8 13.6 9
11 9 8.8 6
11 10 13.6 9
11 11 12.6 10
11 12 9.8 5
11 13 11.6 11
11 14 10.8 4
11 15 11.6 11
12 1 16.0 8
12 2 26.5 11
12 3 15.0 9
12 4 27.5 10
12 5 15.0 9
12 6 17.0 7
12 7 25.5 12
12 8 16.0 8
12 9 26.5 11
12 10 16.0 8
12 11 15.0 9
12 12 27.5 10
12 13 14.0 10
12 14 28.5 9
12 15 14.0 10
13 1 24.3 7
13 2 20.7 10
13 3 23.3 8
13 4 21.7 9
13 5 23.3 8
13 6 25.3 6
13 7 19.7 11
13 8 24.3 7
13 9 20.7 10
13 10 24.3 7
13 11 23.3 8
13 12 21.7 9
13 13 22.3 9
13 14 22.7 8
13 15 22.3 9
14 1 14.4 7
14 2 19.2 6
14 3 13.4 8
14 4 20.2 5
14 5 13.4 8
14 6 15.4 6
14 7 18.2 7
14 8 14.4 7
14 9 19.2 6
14 10 14.4 7
14 11 13.4 8
14 12 20.2 5
14 13 12.4 9
14 14 21.2 4
14 15 12.4 9
15 1 7.7 9
15 2 20.3 7
15 3 6.7 10
15 4 21.3 6
15 5 6.7 10
15 6 8.7 8
15 7 19.3 8
15 8 7.7 9
15 9 20.3 7
15 10 7.7 9
15 11 6.7 10
15 12 21.3 6
15 13 5.7 11
15 14 22.3 5
15 15 5.7 11
16 1 51.7 10
16 2 14.3 8
16 3 50.7 11
16 4 15.3 7
16 5 50.7 11
16 6 52.7 9
16 7 13.3 9
16 8 51.7 10
16 9 14.3 8
16 10 51.7 10
16 11 50.7 11
16 12 15.3 7
16 13 49.7 12
16 14 16.3 6
16 15 49.7 12
17 1 23.4 9
17 2 30.0 10
17 3 22.4 10
17 4 31.0 9
17 5 22.4 10
17 6 24.4 8
17 7 29.0 11
17 8 23.4 9
17 9 30.0 10
17 10 23.4 9
17 11 22.4 10
17 12 31.0 9
17 13 21.4 11
17 14 32.0 8
17 15 21.4 11
18 1 19.8 8
18 2 25.2 9
18 3 18.8 9
18 4 26.2 8
18 5 18.8 9
18 6 20.8 7
18 7 24.2 10
18 8 19.8 8
18 9 25.2 9
18 10 19.8 8
18 11 18.8 9
18 12 26.2 8
18 13 17.8 10
18 14 27.2 7
18 15 17.8 10
19 1 51.0 7
19 2 39.0 8
19 3 50.0 8
19 4 40.0 7
19 5 50.0 8
19 6 52.0 6
19 7 38.0 9
19 8 51.0 7
19 9 39.0 8
19 10 51.0 7
19 11 50.0 8
19 12 40.0 7
19 13 49.0 9
19 14 41.0 6
19 15 49.0 9
20 1 18.7 6
20 2 17.0 5
20 3 17.7 7
20 4 18.0 4
20 5 17.7 7
20 6 19.7 5
20 7 16.0 6
20 8 18.7 6
20 9 17.0 5
20 10 18.7 6
20 11 17.7 7
20 12 18.0 4
20 13 16.7 8
20 14 19.0 3
20 15 16.7 8
21 1 7.0 6
21 2 15.0 8
21 3 6.0 7
21 4 16.0 7
21 5 6.0 7
21 6 8.0 5
21 7 14.0 9
21 8 7.0 6
21 9 15.0 8
21 10 7.0 6
21 11 6.0 7
21 12 16.0 7
21 13 5.0 8
21 14 17.0 6
21 15 5.0 8
22 1 43.4 9
22 2 89.6 10
22 3 42.4 10
22 4 90.6 9
22 5 42.4 10
22 6 44.4 8
22 7 88.6 11
22 8 43.4 9
22 9 89.6 10
22 10 43.4 9
22 11 42.4 10
22 12 90.6 9
22 13 41.4 11
22 14 91.6 8
22 15 41.4 11
23 1 181.5 22
23 2 139.5 20
23 3 180.5 23
23 4 140.5 19
23 5 180.5 23
23 6 182.5 21
23 7 138.5 21
23 8 181.5 22
23 9 139.5 20
23 10 181.5 22
23 11 180.5 23
23 12 140.5 19
23 13 179.5 24
23 14 141.5 18
23 15 179.5 24
24 1 19.6 9
24 2 16.8 7
24 3 18.6 10
24 4 17.8 6
24 5 18.6 10
24 6 20.6 8
24 7 15.8 8
24 8 19.6 9
24 9 16.8 7
24 10 19.6 9
24 11 18.6 10
24 12 17.8 6
24 13 17.6 11
24 14 18.8 5
24 15 17.6 11
25 1 48.0 13
25 2 60.0 10
25 3 47.0 14
25 4 61.0 9
25 5 47.0 14
25 6 49.0 12
25 7 59.0 11
25 8 48.0 13
25 9 60.0 10
25 10 48.0 13
25 11 47.0 14
25 12 61.0 9
25 13 46.0 15
25 14 62.0 8
25 15 46.0 15
26 1 28.8 9
26 2 25.2 8
26 3 27.8 10
26 4 26.2 7
26 5 27.8 10
26 6 29.8 8
26 7 24.2 9
26 8 28.8 9
26 9 25.2 8
26 10 28.8 9
26 11 27.8 10
26 12 26.2 7
26 13 26.8 11
26 14 27.2 6
26 15 26.8 11
27 1 25.2 6
27 2 25.2 6
27 3 24.2 7
27 4 26.2 5
27 5 24.2 7
27 6 26.2 5
27 7 24.2 7
27 8 25.2 6
27 9 25.2 6
27 10 25.2 6
27 11 24.2 7
27 12 26.2 5
27 13 23.2 8
27 14 27.2 4
27 15 23.2 8
28 1 27.2 8
28 2 16.0 7
28 3 26.2 9
28 4 17.0 6
28 5 26.2 9
28 6 28.2 7
28 7 15.0 8
28 8 27.2 8
28 9 16.0 7
28 10 27.2 8
28 11 26.2 9
28 12 17.0 6
28 13 25.2 10
28 14 18.0 5
28 15 25.2 10
29 1 9.0 6
29 2 25.5 7
29 3 8.0 7
29 4 26.5 6
29 5 8.0 7
29 6 10.0 5
29 7 24.5 8
29 8 9.0 6
29 9 25.5 7
29 10 9.0 6
29 11 8.0 7
29 12 26.5 6
29 13 7.0 8
29 14 27.5 5
29 15 7.0 8
30 1 18.9 8
30 2 14.7 5
30 3 17.9 9
30 4 15.7 4
30 5 17.9 9
30 6 19.9 7
30 7 13.7 6
30 8 18.9 8
30 9 14.7 5
30 10 18.9 8
30 11 17.9 9
30 12 15.7 4
30 13 16.9 10
30 14 16.7 3
30 15 16.9 10
31 1 35.2 6
31 2 11.2 7
31 3 34.2 7
31 4 12.2 6
31 5 34.2 7
31 6 36.2 5
31 7 10.2 8
31 8 35.2 6
31 9 11.2 7
31 10 35.2 6
31 11 34.2 7
31 12 12.2 6
31 13 33.2 8
31 14 13.2 5
31 15 33.2 8
32 1 18.0 7
32 2 40.5 9
32 3 17.0 8
32 4 41.5 8
32 5 17.0 8
32 6 19.0 6
32 7 39.5 10
32 8 18.0 7
32 9 40.5 9
32 10 18.0 7
32 11 17.0 8
32 12 41.5 8
32 13 16.0 9
32 14 42.5 7
32 15 16.0 9
33 1 20.3 8
33 2 7.7 8
33 3 19.3 9
33 4 8.7 7
33 5 19.3 9
33 6 21.3 7
33 7 6.7 9
33 8 20.3 8
33 9 7.7 8
33 10 20.3 8
33 11 19.3 9
33 12 8.7 7
33 13 18.3 10
33 14 9.7 6
33 15 18.3 10
34 1 11.0 10
34 2 18.7 7
34 3 10.0 11
34 4 19.7 6
34 5 10.0 11
34 6 12.0 9
34 7 17.7 8
34 8 11.0 10
34 9 18.7 7
34 10 11.0 10
34 11 10.0 11
34 12 19.7 6
34 13 9.0 12
34 14 20.7 5
34 15 9.0 12
35 1 45.6 9
35 2 27.6 7
35 3 44.6 10
35 4 28.6 6
35 5 44.6 10
35 6 46.6 8
35 7 26.6 8
35 8 45.6 9
35 9 27.6 7
35 10 45.6 9
35 11 44.6 10
35 12 28.6 6
35 13 43.6 11
35 14 29.6 5
35 15 43.6 11
36 1 13.8 8
36 2 7.2 9
36 3 12.8 9
36 4 8.2 8
36 5 12.8 9
36 6 14.8 7
36 7 6.2 10
36 8 13.8 8
36 9 7.2 9
36 10 13.8 8
36 11 12.8 9
36 12 8.2 8
36 13 11.8 10
36 14 9.2 7
36 15 11.8 10
37 1 15.0 8
37 2 28.5 7
37 3 14.0 9
37 4 29.5 6
37 5 14.0 9
37 6 16.0 7
37 7 27.5 8
37 8 15.0 8
37 9 28.5 7
37 10 15.0 8
37 11 14.0 9
37 12 29.5 6
37 13 13.0 10
37 14 30.5 5
37 15 13.0 10
38 1 74.0 9
38 2 22.0 11
38 3 73.0 10
38 4 23.0 10
38 5 73.0 10
38 6 75.0 8
38 7 21.0 12
38 8 74.0 9
38 9 22.0 11
38 10 74.0 9
38 11 73.0 10
38 12 23.0 10
38 13 72.0 11
38 14 24.0 9
38 15 72.0 11
39 1 4.8 8
39 2 7.2 7
39 3 3.8 9
39 4 8.2 6
39 5 3.8 9
39 6 5.8 7
39 7 6.2 8
39 8 4.8 8
39 9 7.2 7
39 10 4.8 8
39 11 3.8 9
39 12 8.2 6
39 13 2.8 10
39 14 9.2 5
39 15 2.8 10
40 1 13.0 8
40 2 12.0 6
40 3 12.0 9
40 4 13.0 5
40 5 12.0 9
40 6 14.0 7
40 7 11.0 7
40 8 13.0 8
40 9 12.0 6
40 10 13.0 8
40 11 12.0 9
40 12 13.0 5
40 13 11.0 10
40 14 14.0 4
40 15 11.0 10
41 1 28.7 8
41 2 20.3 8
41 3 27.7 9
41 4 21.3 7
41 5 27.7 9
41 6 29.7 7
41 7 19.3 9
41 8 28.7 8
41 9 20.3 8
41 10 28.7 8
41 11 27.7 9
41 12 21.3 7
41 13 26.7 10
41 14 22.3 6
41 15 26.7 10
42 1 66.5 25
42 2 33.6 24
42 3 65.5 26
42 4 34.6 23
42 5 65.5 26
42 6 67.5 24
42 7 32.6 25
42 8 66.5 25
42 9 33.6 24
42 10 66.5 25
42 11 65.5 26
42 12 34.6 23
42 13 64.5 27
42 14 35.6 22
42 15 64.5 27
43 1 28.8 11
43 2 47.7 8
43 3 27.8 12
43 4 48.7 7
43 5 27.8 12
43 6 29.8 10
43 7 46.7 9
43 8 28.8 11
43 9 47.7 8
43 10 28.8 11
43 11 27.8 12
43 12 48.7 7
43 13 26.8 13
43 14 49.7 6
43 15 26.8 13
44 1 13.2 7
44 2 12.1 6
44 3 12.2 8
44 4 13.1 5
44 5 12.2 8
44 6 14.2 6
44 7 11.1 7
44 8 13.2 7
44 9 12.1 6
44 10 13.2 7
44 11 12.2 8
44 12 13.1 5
44 13 11.2 9
44 14 14.1 4
44 15 11.2 9
45 1 19.2 12
45 2 35.2 12
45 3 18.2 13
45 4 36.2 11
45 5 18.2 13
45 6 20.2 11
45 7 34.2 13
45 8 19.2 12
45 9 35.2 12
45 10 19.2 12
45 11 18.2 13
45 12 36.2 11
45 13 17.2 14
45 14 37.2 10
45 15 17.2 14
46 1 52.7 9
46 2 39.1 6
46 3 51.7 10
46 4 40.1 5
46 5 51.7 10
46 6 53.7 8
46 7 38.1 7
46 8 52.7 9
46 9 39.1 6
46 10 52.7 9
46 11 51.7 10
46 12 40.1 5
46 13 50.7 11
46 14 41.1 4
46 15 50.7 11
47 1 37.8 15
47 2 14.4 15
47 3 36.8 16
47 4 15.4 14
47 5 36.8 16
47 6 38.8 14
47 7 13.4 16
47 8 37.8 15
47 9 14.4 15
47 10 37.8 15
47 11 36.8 16
47 12 15.4 14
47 13 35.8 17
47 14 16.4 13
47 15 35.8 17
48 1 58.5 9
48 2 42.0 10
48 3 57.5 10
48 4 43.0 9
48 5 57.5 10
48 6 59.5 8
48 7 41.0 11
48 8 58.5 9
48 9 42.0 10
48 10 58.5 9
48 11 57.5 10
48 12 43.0 9
48 13 56.5 11
48 14 44.0 8
48 15 56.5 11
49 1 58.0 6
49 2 50.0 8
49 3 57.0 7
49 4 51.0 7
49 5 57.0 7
49 6 59.0 5
49 7 49.0 9
49 8 58.0 6
49 9 50.0 8
49 10 58.0 6
49 11 57.0 7
49 12 51.0 7
49 13 56.0 8
49 14 52.0 6
49 15 56.0 8
50 1 54.4 9
50 2 42.5 9
50 3 53.4 10
50 4 43.5 8
50 5 53.4 10
50 6 55.4 8
50 7 41.5 10
50 8 54.4 9
50 9 42.5 9
50 10 54.4 9
50 11 53.4 10
50 12 43.5 8
50 13 52.4 11
50 14 44.5 7
50 15 52.4 11
51 1 44.1 26
51 2 67.5 27
51 3 43.1 27
51 4 68.5 26
51 5 43.1 27
51 6 45.1 25
51 7 66.5 28
51 8 44.1 26
51 9 67.5 27
51 10 44.1 26
51 11 43.1 27
51 12 68.5 26
51 13 42.1 28
51 14 69.5 25
51 15 42.1 28
52 1 22.0 8
52 2 28.0 8
52 3 21.0 9
52 4 29.0 7
52 5 21.0 9
52 6 23.0 7
52 7 27.0 9
52 8 22.0 8
52 9 28.0 8
52 10 22.0 8
52 11 21.0 9
52 12 29.0 7
52 13 20.0 10
52 14 30.0 6
52 15 20.0 10
53 1 39.0 11
53 2 58.5 13
53 3 38.0 12
53 4 59.5 12
53 5 38.0 12
53 6 40.0 10
53 7 57.5 14
53 8 39.0 11
53 9 58.5 13
53 10 39.0 11
53 11 38.0 12
53 12 59.5 12
53 13 37.0 13
53 14 60.5 11
53 15 37.0 13
54 1 14.4 9
54 2 23.4 10
54 3 13.4 10
54 4 24.4 9
54 5 13.4 10
54 6 15.4 8
54 7 22.4 11
54 8 14.4 9
54 9 23.4 10
54 10 14.4 9
54 11 13.4 10
54 12 24.4 9
54 13 12.4 11
54 14 25.4 8
54 15 12.4 11
55 1 30.4 6
55 2 30.4 5
55 3 29.4 7
55 4 31.4 4
55 5 29.4 7
55 6 31.4 5
55 7 29.4 6
55 8 30.4 6
55 9 30.4 5
55 10 30.4 6
55 11 29.4 7
55 12 31.4 4
55 13 28.4 8
55 14 32.4 3
55 15 28.4 8
56 1 113.6 12
56 2 110.4 14
56 3 112.6 13
56 4 111.4 13
56 5 112.6 13
56 6 114.6 11
56 7 109.4 15
56 8 113.6 12
56 9 110.4 14
56 10 113.6 12
56 11 112.6 13
56 12 111.4 13
56 13 111.6 14
56 14 112.4 12
56 15 111.6 14
57 1 15.2 8
57 2 11.4 6
57 3 14.2 9
57 4 12.4 5
57 5 14.2 9
57 6 16.2 7
57 7 10.4 7
57 8 15.2 8
57 9 11.4 6
57 10 15.2 8
57 11 14.2 9
57 12 12.4 5
57 13 13.2 10
57 14 13.4 4
57 15 13.2 10
58 1 21.0 11
58 2 19.6 10
58 3 20.0 12
58 4 20.6 9
58 5 20.0 12
58 6 22.0 10
58 7 18.6 11
58 8 21.0 11
58 9 19.6 10
58 10 21.0 11
58 11 20.0 12
58 12 20.6 9
58 13 19.0 13
58 14 21.6 8
58 15 19.0 13
59 1 49.5 16
59 2 16.5 14
59 3 48.5 17
59 4 17.5 13
59 5 48.5 17
59 6 50.5 15
59 7 15.5 15
59 8 49.5 16
59 9 16.5 14
59 10 49.5 16
59 11 48.5 17
59 12 17.5 13
59 13 47.5 18
59 14 18.5 12
59 15 47.5 18
60 1 54.6 15
60 2 60.2 14
60 3 53.6 16
60 4 61.2 13
60 5 53.6 16
60 6 55.6 14
60 7 59.2 15
60 8 54.6 15
60 9 60.2 14
60 10 54.6 15
60 11 53.6 16
60 12 61.2 13
60 13 52.6 17
60 14 62.2 12
60 15 52.6 17
61 1 13.6 9
61 2 8.8 6
61 3 12.6 10
61 4 9.8 5
61 5 12.6 10
61 6 14.6 8
61 7 7.8 7
61 8 13.6 9
61 9 8.8 6
61 10 13.6 9
61 11 12.6 10
61 12 9.8 5
61 13 11.6 11
61 14 10.8 4
61 15 11.6 11
62 1 16.0 8
62 2 26.5 11
62 3 15.0 9
62 4 27.5 10
62 5 15.0 9
62 6 17.0 7
62 7 25.5 12
62 8 16.0 8
62 9 26.5 11
62 10 16.0 8
62 11 15.0 9
62 12 27.5 10
62 13 14.0 10
62 14 28.5 9
62 15 14.0 10
63 1 24.3 7
63 2 20.7 10
63 3 23.3 8
63 4 21.7 9
63 5 23.3 8
63 6 25.3 6
63 7 19.7 11
63 8 24.3 7
63 9 20.7 10
63 10 24.3 7
63 11 23.3 8
63 12 21.7 9
63 13 22.3 9
63 14 22.7 8
63 15 22.3 9
64 1 14.4 7
64 2 19.2 6
64 3 13.4 8
64 4 20.2 5
64 5 13.4 8
64 6 15.4 6
64 7 18.2 7
64 8 14.4 7
64 9 19.2 6
64 10 14.4 7
64 11 13.4 8
64 12 20.2 5
64 13 12.4 9
64 14 21.2 4
64 15 12.4 9
65 1 7.7 9
65 2 20.3 7
65 3 6.7 10
65 4 21.3 6
65 5 6.7 10
65 6 8.7 8
65 7 19.3 8
65 8 7.7 9
65 9 20.3 7
65 10 7.7 9
65 11 6.7 10
65 12 21.3 6
65 13 5.7 11
65 14 22.3 5
65 15 5.7 11
66 1 51.7 10
66 2 14.3 8
66 3 50.7 11
66 4 15.3 7
66 5 50.7 11
66 6 52.7 9
66 7 13.3 9
66 8 51.7 10
66 9 14.3 8
66 10 51.7 10
66 11 50.7 11
66 12 15.3 7
66 13 49.7 12
66 14 16.3 6
66 15 49.7 12
67 1 23.4 9
67 2 30.0 10
67 3 22.4 10
67 4 31.0 9
67 5 22.4 10
67 6 24.4 8
67 7 29.0 11
67 8 23.4 9
67 9 30.0 10
67 10 23.4 9
67 11 22.4 10
67 12 31.0 9
67 13 21.4 11
67 14 32.0 8
67 15 21.4 11
68 1 19.8 8
68 2 25.2 9
68 3 18.8 9
68 4 26.2 8
68 5 18.8 9
68 6 20.8 7
68 7 24.2 10
68 8 19.8 8
68 9 25.2 9
68 10 19.8 8
68 11 18.8 9
68 12 26.2 8
68 13 17.8 10
68 14 27.2 7
68 15 17.8 10
69 1 51.0 7
69 2 39.0 8
69 3 50.0 8
69 4 40.0 7
69 5 50.0 8
69 6 52.0 6
69 7 38.0 9
69 8 51.0 7
69 9 39.0 8
69 10 51.0 7
69 11 50.0 8
69 12 40.0 7
69 13 49.0 9
69 14 41.0 6
69 15 49.0 9
70 1 18.7 6
70 2 17.0 5
70 3 17.7 7
70 4 18.0 4
70 5 17.7 7
70 6 19.7 5
70 7 16.0 6
70 8 18.7 6
70 9 17.0 5
70 10 18.7 6
70 11 17.7 7
70 12 18.0 4
70 13 16.7 8
70 14 19.0 3
70 15 16.7 8
71 1 7.0 6
71 2 15.0 8
71 3 6.0 7
71 4 16.0 7
71 5 6.0 7
71 6 8.0 5
71 7 14.0 9
71 8 7.0 6
71 9 15.0 8
71 10 7.0 6
71 11 6.0 7
71 12 16.0 7
71 13 5.0 8
71 14 17.0 6
71 15 5.0 8
72 1 43.4 9
72 2 89.6 10
72 3 42.4 10
72 4 90.6 9
72 5 42.4 10
72 6 44.4 8
72 7 88.6 11
72 8 43.4 9
72 9 89.6 10
72 10 43.4 9
72 11 42.4 10
72 12 90.6 9
72 13 41.4 11
72 14 91.6 8
72 15 41.4 11
73 1 181.5 22
73 2 139.5 20
73 3 180.5 23
73 4 140.5 19
73 5 180.5 23
73 6 182.5 21
73 7 138.5 21
73 8 181.5 22
73 9 139.5 20
73 10 181.5 22
73 11 180.5 23
73 12 140.5 19
73 13 179.5 24
73 14 141.5 18
73 15 179.5 24
74 1 19.6 9
74 2 16.8 7
74 3 18.6 10
74 4 17.8 6
74 5 18.6 10
74 6 20.6 8
74 7 15.8 8
74 8 19.6 9
74 9 16.8 7
74 10 19.6 9
74 11 18.6 10
74 12 17.8 6
74 13 17.6 11
74 14 18.8 5
74 15 17.6 11
75 1 48.0 13
75 2 60.0 10
75 3 47.0 14
75 4 61.0 9
75 5 47.0 14
75 6 49.0 12
75 7 59.0 11
75 8 48.0 13
75 9 60.0 10
75 10 48.0 13
75 11 47.0 14
75 12 61.0 9
75 13 46.0 15
75 14 62.0 8
75 15 46.0 15
76 1 28.8 9
76 2 25.2 8
76 3 27.8 10
76 4 26.2 7
76 5 27.8 10
76 6 29.8 8
76 7 24.2 9
76 8 28.8 9
76 9 25.2 8
76 10 28.8 9
76 11 27.8 10
76 12 26.2 7
76 13 26.8 11
76 14 27.2 6
76 15 26.8 11
77 1 25.2 6
77 2 25.2 6
77 3 24.2 7
77 4 26.2 5
77 5 24.2 7
77 6 26.2 5
77 7 24.2 7
77 8 25.2 6
77 9 25.2 6
77 10 25.2 6
77 11 24.2 7
77 12 26.2 5
77 13 23.2 8
77 14 27.2 4
77 15 23.2 8
78 1 27.2 8
78 2 16.0 7
78 3 26.2 9
78 4 17.0 6
78 5 26.2 9
78 6 28.2 7
78 7 15.0 8
78 8 27.2 8
78 9 16.0 7
78 10 27.2 8
78 11 26.2 9
78 12 17.0 6
78 13 25.2 10
78 14 18.0 5
78 15 25.2 10
79 1 9.0 6
79 2 25.5 7
79 3 8.0 7
79 4 26.5 6
79 5 8.0 7
79 6 10.0 5
79 7 24.5 8
79 8 9.0 6
79 9 25.5 7
79 10 9.0 6
79 11 8.0 7
79 12 26.5 6
79 13 7.0 8
79 14 27.5 5
79 15 7.0 8
80 1 18.9 8
80 2 14.7 5
80 3 17.9 9
80 4 15.7 4
80 5 17.9 9
80 6 19.9 7
80 7 13.7 6
80 8 18.9 8
80 9 14.7 5
80 10 18.9 8
80 11 17.9 9
80 12 15.7 4
80 13 16.9 10
80 14 16.7 3
80 15 16.9 10
81 1 35.2 6
81 2 11.2 7
81 3 34.2 7
81 4 12.2 6
81 5 34.2 7
81 6 36.2 5
81 7 10.2 8
81 8 35.2 6
81 9 11.2 7
81 10 35.2 6
81 11 34.2 7
81 12 12.2 6
81 13 33.2 8
81 14 13.2 5
81 15 33.2 8
82 1 18.0 7
82 2 40.5 9
82 3 17.0 8
82 4 41.5 8
82 5 17.0 8
82 6 19.0 6
82 7 39.5 10
82 8 18.0 7
82 9 40.5 9
82 10 18.0 7
82 11 17.0 8
82 12 41.5 8
82 13 16.0 9
82 14 42.5 7
82 15 16.0 9
83 1 20.3 8
83 2 7.7 8
83 3 19.3 9
83 4 8.7 7
83 5 19.3 9
83 6 21.3 7
83 7 6.7 9
83 8 20.3 8
83 9 7.7 8
83 10 20.3 8
83 11 19.3 9
83 12 8.7 7
83 13 18.3 10
83 14 9.7 6
83 15 18.3 10
84 1 11.0 10
84 2 18.7 7
84 3 10.0 11
84 4 19.7 6
84 5 10.0 11
84 6 12.0 9
84 7 17.7 8
84 8 11.0 10
84 9 18.7 7
84 10 11.0 10
84 11 10.0 11
84 12 19.7 6
84 13 9.0 12
84 14 20.7 5
84 15 9.0 12
85 1 45.6 9
85 2 27.6 7
85 3 44.6 10
85 4 28.6 6
85 5 44.6 10
85 6 46.6 8
85 7 26.6 8
85 8 45.6 9
85 9 27.6 7
85 10 45.6 9
85 11 44.6 10
85 12 28.6 6
85 13 43.6 11
85 14 29.6 5
85 15 43.6 11
86 1 13.8 8
86 2 7.2 9
86 3 12.8 9
86 4 8.2 8
86 5 12.8 9
86 6 14.8 7
86 7 6.2 10
86 8 13.8 8
86 9 7.2 9
86 10 13.8 8
86 11 12.8 9
86 12 8.2 8
86 13 11.8 10
86 14 9.2 7
86 15 11.8 10
87 1 15.0 8
87 2 28.5 7
87 3 14.0 9
87 4 29.5 6
87 5 14.0 9
87 6 16.0 7
87 7 27.5 8
87 8 15.0 8
87 9 28.5 7
87 10 15.0 8
87 11 14.0 9
87 12 29.5 6
87 13 13.0 10
87 14 30.5 5
87 15 13.0 10
88 1 74.0 9
88 2 22.0 11
88 3 73.0 10
88 4 23.0 10
88 5 73.0 10
88 6 75.0 8
88 7 21.0 12
88 8 74.0 9
88 9 22.0 11
88 10 74.0 9
88 11 73.0 10
88 12 23.0 10
88 13 72.0 11
88 14 24.0 9
88 15 72.0 11
89 1 4.8 8
89 2 7.2 7
89 3 3.8 9
89 4 8.2 6
89 5 3.8 9
89 6 5.8 7
89 7 6.2 8
89 8 4.8 8
89 9 7.2 7
89 10 4.8 8
89 11 3.8 9
89 12 8.2 6
89 13 2.8 10
89 14 9.2 5
89 15 2.8 10
90 1 13.0 8
90 2 12.0 6
90 3 12.0 9
90 4 13.0 5
90 5 12.0 9
90 6 14.0 7
90 7 11.0 7
90 8 13.0 8
90 9 12.0 6
90 10 13.0 8
90 11 12.0 9
90 12 13.0 5
90 13 11.0 10
90 14 14.0 4
90 15 11.0 10
91 1 28.7 8
91 2 20.3 8
91 3 27.7 9
91 4 21.3 7
91 5 27.7 9
91 6 29.7 7
91 7 19.3 9
91 8 28.7 8
91 9 20.3 8
91 10 28.7 8
91 11 27.7 9
91 12 21.3 7
91 13 26.7 10
91 14 22.3 6
91 15 26.7 10
92 1 66.5 25
92 2 33.6 24
92 3 65.5 26
92 4 34.6 23
92 5 65.5 26
92 6 67.5 24
92 7 32.6 25
92 8 66.5 25
92 9 33.6 24
92 10 66.5 25
92 11 65.5 26
92 12 34.6 23
92 13 64.5 27
92 14 35.6 22
92 15 64.5 27
93 1 28.8 11
93 2 47.7 8
93 3 27.8 12
93 4 48.7 7
93 5 27.8 12
93 6 29.8 10
93 7 46.7 9
93 8 28.8 11
93 9 47.7 8
93 10 28.8 11
93 11 27.8 12
93 12 48.7 7
93 13 26.8 13
93 14 49.7 6
93 15 26.8 13
94 1 13.2 7
94 2 12.1 6
94 3 12.2 8
94 4 13.1 5
94 5 12.2 8
94 6 14.2 6
94 7 11.1 7
94 8 13.2 7
94 9 12.1 6
94 10 13.2 7
94 11 12.2 8
94 12 13.1 5
94 13 11.2 9
94 14 14.1 4
94 15 11.2 9
95 1 19.2 12
95 2 35.2 12
95 3 18.2 13
95 4 36.2 11
95 5 18.2 13
95 6 20.2 11
95 7 34.2 13
95 8 19.2 12
95 9 35.2 12
95 10 19.2 12
95 11 18.2 13
95 12 36.2 11
95 13 17.2 14
95 14 37.2 10
95 15 17.2 14
96 1 52.7 9
96 2 39.1 6
96 3 51.7 10
96 4 40.1 5
96 5 51.7 10
96 6 53.7 8
96 7 38.1 7
96 8 52.7 9
96 9 39.1 6
96 10 52.7 9
96 11 51.7 10
96 12 40.1 5
96 13 50.7 11
96 14 41.1 4
96 15 50.7 11
97 1 37.8 15
97 2 14.4 15
97 3 36.8 16
97 4 15.4 14
97 5 36.8 16
97 6 38.8 14
97 7 13.4 16
97 8 37.8 15
97 9 14.4 15
97 10 37.8 15
97 11 36.8 16
97 12 15.4 14
97 13 35.8 17
97 14 16.4 13
97 15 35.8 17
98 1 58.5 9
98 2 42.0 10
98 3 57.5 10
98 4 43.0 9
98 5 57.5 10
98 6 59.5 8
98 7 41.0 11
98 8 58.5 9
98 9 42.0 10
98 10 58.5 9
98 11 57.5 10
98 12 43.0 9
98 13 56.5 11
98 14 44.0 8
98 15 56.5 11
99 1 58.0 6
99 2 50.0 8
99 3 57.0 7
99 4 51.0 7
99 5 57.0 7
99 6 59.0 5
99 7 49.0 9
99 8 58.0 6
99 9 50.0 8
99 10 58.0 6
99 11 57.0 7
99 12 51.0 7
99 13 56.0 8
99 14 52.0 6
99 15 56.0 8
100 1 54.4 9
100 2 42.5 9
100 3 53.4 10
100 4 43.5 8
100 5 53.4 10
100 6 55.4 8
100 7 41.5 10
100 8 54.4 9
100 9 42.5 9
100 10 54.4 9
100 11 53.4 10
100 12 43.5 8
100 13 52.4 11
100 14 44.5 7
100 15 52.4 11
1 259
2 44
3 120
4 24
5 76
6 215
7 29
8 60
9 39
10 267
11 35
12 88
13 73
14 80
15 45
16 75
17 180
18 212
19 148
20 70
21 33
22 241
23 210
24 72
25 182
26 40
27 27
28 103
29 24
30 99
31 27
32 107
33 54
34 20
35 39
36 56
37 47
38 20
39 26
40 88
41 178
42 263
43 236
44 74
45 47
46 31
47 31
48 49
49 139
50 42
51 259
52 44
53 120
54 24
55 76
56 215
57 29
58 60
59 39
60 267
61 35
62 88
63 73
64 80
65 45
66 75
67 180
68 212
69 148
70 70
71 33
72 241
73 210
74 72
75 182
76 40
77 27
78 103
79 24
80 99
81 27
82 107
83 54
84 20
85 39
86 56
87 47
88 20
89 26
90 88
91 178
92 263
93 236
94 74
95 47
96 31
97 31
98 49
99 139
100 42
