100
2
50
50
1 1 44.100000 26 259 0.170
1 2 67.500000 27 259 0.261
2 1 22.000000 8 44 0.500
2 2 28.000000 8 44 0.636
3 1 39.000000 11 120 0.325
3 2 58.500000 13 120 0.487
4 1 14.400000 9 24 0.600
4 2 23.400000 10 24 0.975
5 1 30.400000 6 76 0.400
5 2 30.400000 5 76 0.400
6 1 113.600000 12 215 0.528
6 2 110.400000 14 215 0.513
7 1 15.200000 8 29 0.524
7 2 11.400000 6 29 0.393
8 1 21.000000 11 60 0.350
8 2 19.600000 10 60 0.327
9 1 49.500000 16 39 1.269
9 2 16.500000 14 39 0.423
10 1 54.600000 15 267 0.204
10 2 60.200000 14 267 0.225
11 1 13.600000 9 35 0.389
11 2 8.800000 6 35 0.251
12 1 16.000000 8 88 0.182
12 2 26.500000 11 88 0.301
13 1 24.300000 7 73 0.333
13 2 20.700000 10 73 0.284
14 1 14.400000 7 80 0.180
14 2 19.200000 6 80 0.240
15 1 7.700000 9 45 0.171
15 2 20.300000 7 45 0.451
16 1 51.700000 10 75 0.689
16 2 14.300000 8 75 0.191
17 1 23.400000 9 180 0.130
17 2 30.000000 10 180 0.167
18 1 19.800000 8 212 0.093
18 2 25.200000 9 212 0.119
19 1 51.000000 7 148 0.345
19 2 39.000000 8 148 0.264
20 1 18.700000 6 70 0.267
20 2 17.000000 5 70 0.243
21 1 7.000000 6 33 0.212
21 2 15.000000 8 33 0.455
22 1 43.400000 9 241 0.180
22 2 89.600000 10 241 0.372
23 1 181.500000 22 210 0.864
23 2 139.500000 20 210 0.664
24 1 19.600000 9 72 0.272
24 2 16.800000 7 72 0.233
25 1 48.000000 13 182 0.264
25 2 60.000000 10 182 0.330
26 1 28.800000 9 40 0.720
26 2 25.200000 8 40 0.630
27 1 25.200000 6 27 0.933
27 2 25.200000 6 27 0.933
28 1 27.200000 8 103 0.264
28 2 16.000000 7 103 0.155
29 1 9.000000 6 24 0.375
29 2 25.500000 7 24 1.062
30 1 18.900000 8 99 0.191
30 2 14.700000 5 99 0.148
31 1 35.200000 6 27 1.304
31 2 11.200000 7 27 0.415
32 1 18.000000 7 107 0.168
32 2 40.500000 9 107 0.379
33 1 20.300000 8 54 0.376
33 2 7.700000 8 54 0.143
34 1 11.000000 10 20 0.550
34 2 18.700000 7 20 0.935
35 1 45.600000 9 39 1.169
35 2 27.600000 7 39 0.708
36 1 13.800000 8 56 0.246
36 2 7.200000 9 56 0.129
37 1 15.000000 8 47 0.319
37 2 28.500000 7 47 0.606
38 1 74.000000 9 20 3.700
38 2 22.000000 11 20 1.100
39 1 4.800000 8 26 0.185
39 2 7.200000 7 26 0.277
40 1 13.000000 8 88 0.148
40 2 12.000000 6 88 0.136
41 1 28.700000 8 178 0.161
41 2 20.300000 8 178 0.114
42 1 66.500000 25 263 0.253
42 2 33.600000 24 263 0.128
43 1 28.800000 11 236 0.122
43 2 47.700000 8 236 0.202
44 1 13.200000 7 74 0.178
44 2 12.100000 6 74 0.164
45 1 19.200000 12 47 0.409
45 2 35.200000 12 47 0.749
46 1 52.700000 9 31 1.700
46 2 39.100000 6 31 1.261
47 1 37.800000 15 31 1.219
47 2 14.400000 15 31 0.465
48 1 58.500000 9 49 1.194
48 2 42.000000 10 49 0.857
49 1 58.000000 6 139 0.417
49 2 50.000000 8 139 0.360
50 1 54.400000 9 42 1.295
50 2 42.500000 9 42 1.012
51 1 44.100000 26 259 0.170
51 2 67.500000 27 259 0.261
52 1 22.000000 8 44 0.500
52 2 28.000000 8 44 0.636
53 1 39.000000 11 120 0.325
53 2 58.500000 13 120 0.487
54 1 14.400000 9 24 0.600
54 2 23.400000 10 24 0.975
55 1 30.400000 6 76 0.400
55 2 30.400000 5 76 0.400
56 1 113.600000 12 215 0.528
56 2 110.400000 14 215 0.513
57 1 15.200000 8 29 0.524
57 2 11.400000 6 29 0.393
58 1 21.000000 11 60 0.350
58 2 19.600000 10 60 0.327
59 1 49.500000 16 39 1.269
59 2 16.500000 14 39 0.423
60 1 54.600000 15 267 0.204
60 2 60.200000 14 267 0.225
61 1 13.600000 9 35 0.389
61 2 8.800000 6 35 0.251
62 1 16.000000 8 88 0.182
62 2 26.500000 11 88 0.301
63 1 24.300000 7 73 0.333
63 2 20.700000 10 73 0.284
64 1 14.400000 7 80 0.180
64 2 19.200000 6 80 0.240
65 1 7.700000 9 45 0.171
65 2 20.300000 7 45 0.451
66 1 51.700000 10 75 0.689
66 2 14.300000 8 75 0.191
67 1 23.400000 9 180 0.130
67 2 30.000000 10 180 0.167
68 1 19.800000 8 212 0.093
68 2 25.200000 9 212 0.119
69 1 51.000000 7 148 0.345
69 2 39.000000 8 148 0.264
70 1 18.700000 6 70 0.267
70 2 17.000000 5 70 0.243
71 1 7.000000 6 33 0.212
71 2 15.000000 8 33 0.455
72 1 43.400000 9 241 0.180
72 2 89.600000 10 241 0.372
73 1 181.500000 22 210 0.864
73 2 139.500000 20 210 0.664
74 1 19.600000 9 72 0.272
74 2 16.800000 7 72 0.233
75 1 48.000000 13 182 0.264
75 2 60.000000 10 182 0.330
76 1 28.800000 9 40 0.720
76 2 25.200000 8 40 0.630
77 1 25.200000 6 27 0.933
77 2 25.200000 6 27 0.933
78 1 27.200000 8 103 0.264
78 2 16.000000 7 103 0.155
79 1 9.000000 6 24 0.375
79 2 25.500000 7 24 1.062
80 1 18.900000 8 99 0.191
80 2 14.700000 5 99 0.148
81 1 35.200000 6 27 1.304
81 2 11.200000 7 27 0.415
82 1 18.000000 7 107 0.168
82 2 40.500000 9 107 0.379
83 1 20.300000 8 54 0.376
83 2 7.700000 8 54 0.143
84 1 11.000000 10 20 0.550
84 2 18.700000 7 20 0.935
85 1 45.600000 9 39 1.169
85 2 27.600000 7 39 0.708
86 1 13.800000 8 56 0.246
86 2 7.200000 9 56 0.129
87 1 15.000000 8 47 0.319
87 2 28.500000 7 47 0.606
88 1 74.000000 9 20 3.700
88 2 22.000000 11 20 1.100
89 1 4.800000 8 26 0.185
89 2 7.200000 7 26 0.277
90 1 13.000000 8 88 0.148
90 2 12.000000 6 88 0.136
91 1 28.700000 8 178 0.161
91 2 20.300000 8 178 0.114
92 1 66.500000 25 263 0.253
92 2 33.600000 24 263 0.128
93 1 28.800000 11 236 0.122
93 2 47.700000 8 236 0.202
94 1 13.200000 7 74 0.178
94 2 12.100000 6 74 0.164
95 1 19.200000 12 47 0.409
95 2 35.200000 12 47 0.749
96 1 52.700000 9 31 1.700
96 2 39.100000 6 31 1.261
97 1 37.800000 15 31 1.219
97 2 14.400000 15 31 0.465
98 1 58.500000 9 49 1.194
98 2 42.000000 10 49 0.857
99 1 58.000000 6 139 0.417
99 2 50.000000 8 139 0.360
100 1 54.400000 9 42 1.295
100 2 42.500000 9 42 1.012
