100
5
50
50
50
50
50
1 1 44.100000 26 259 0.170
1 2 67.500000 27 259 0.261
1 3 43.100000 27 259 0.166
1 4 68.500000 26 259 0.264
1 5 43.100000 27 259 0.166
2 1 22.000000 8 44 0.500
2 2 28.000000 8 44 0.636
2 3 21.000000 9 44 0.477
2 4 29.000000 7 44 0.659
2 5 21.000000 9 44 0.477
3 1 39.000000 11 120 0.325
3 2 58.500000 13 120 0.487
3 3 38.000000 12 120 0.317
3 4 59.500000 12 120 0.496
3 5 38.000000 12 120 0.317
4 1 14.400000 9 24 0.600
4 2 23.400000 10 24 0.975
4 3 13.400000 10 24 0.558
4 4 24.400000 9 24 1.017
4 5 13.400000 10 24 0.558
5 1 30.400000 6 76 0.400
5 2 30.400000 5 76 0.400
5 3 29.400000 7 76 0.387
5 4 31.400000 4 76 0.413
5 5 29.400000 7 76 0.387
6 1 113.600000 12 215 0.528
6 2 110.400000 14 215 0.513
6 3 112.600000 13 215 0.524
6 4 111.400000 13 215 0.518
6 5 112.600000 13 215 0.524
7 1 15.200000 8 29 0.524
7 2 11.400000 6 29 0.393
7 3 14.200000 9 29 0.490
7 4 12.400000 5 29 0.428
7 5 14.200000 9 29 0.490
8 1 21.000000 11 60 0.350
8 2 19.600000 10 60 0.327
8 3 20.000000 12 60 0.333
8 4 20.600000 9 60 0.343
8 5 20.000000 12 60 0.333
9 1 49.500000 16 39 1.269
9 2 16.500000 14 39 0.423
9 3 48.500000 17 39 1.244
9 4 17.500000 13 39 0.449
9 5 48.500000 17 39 1.244
10 1 54.600000 15 267 0.204
10 2 60.200000 14 267 0.225
10 3 53.600000 16 267 0.201
10 4 61.200000 13 267 0.229
10 5 53.600000 16 267 0.201
11 1 13.600000 9 35 0.389
11 2 8.800000 6 35 0.251
11 3 12.600000 10 35 0.360
11 4 9.800000 5 35 0.280
11 5 12.600000 10 35 0.360
12 1 16.000000 8 88 0.182
12 2 26.500000 11 88 0.301
12 3 15.000000 9 88 0.170
12 4 27.500000 10 88 0.312
12 5 15.000000 9 88 0.170
13 1 24.300000 7 73 0.333
13 2 20.700000 10 73 0.284
13 3 23.300000 8 73 0.319
13 4 21.700000 9 73 0.297
13 5 23.300000 8 73 0.319
14 1 14.400000 7 80 0.180
14 2 19.200000 6 80 0.240
14 3 13.400000 8 80 0.168
14 4 20.200000 5 80 0.253
14 5 13.400000 8 80 0.168
15 1 7.700000 9 45 0.171
15 2 20.300000 7 45 0.451
15 3 6.700000 10 45 0.149
15 4 21.300000 6 45 0.473
15 5 6.700000 10 45 0.149
16 1 51.700000 10 75 0.689
16 2 14.300000 8 75 0.191
16 3 50.700000 11 75 0.676
16 4 15.300000 7 75 0.204
16 5 50.700000 11 75 0.676
17 1 23.400000 9 180 0.130
17 2 30.000000 10 180 0.167
17 3 22.400000 10 180 0.124
17 4 31.000000 9 180 0.172
17 5 22.400000 10 180 0.124
18 1 19.800000 8 212 0.093
18 2 25.200000 9 212 0.119
18 3 18.800000 9 212 0.089
18 4 26.200000 8 212 0.124
18 5 18.800000 9 212 0.089
19 1 51.000000 7 148 0.345
19 2 39.000000 8 148 0.264
19 3 50.000000 8 148 0.338
19 4 40.000000 7 148 0.270
19 5 50.000000 8 148 0.338
20 1 18.700000 6 70 0.267
20 2 17.000000 5 70 0.243
20 3 17.700000 7 70 0.253
20 4 18.000000 4 70 0.257
20 5 17.700000 7 70 0.253
21 1 7.000000 6 33 0.212
21 2 15.000000 8 33 0.455
21 3 6.000000 7 33 0.182
21 4 16.000000 7 33 0.485
21 5 6.000000 7 33 0.182
22 1 43.400000 9 241 0.180
22 2 89.600000 10 241 0.372
22 3 42.400000 10 241 0.176
22 4 90.600000 9 241 0.376
22 5 42.400000 10 241 0.176
23 1 181.500000 22 210 0.864
23 2 139.500000 20 210 0.664
23 3 180.500000 23 210 0.860
23 4 140.500000 19 210 0.669
23 5 180.500000 23 210 0.860
24 1 19.600000 9 72 0.272
24 2 16.800000 7 72 0.233
24 3 18.600000 10 72 0.258
24 4 17.800000 6 72 0.247
24 5 18.600000 10 72 0.258
25 1 48.000000 13 182 0.264
25 2 60.000000 10 182 0.330
25 3 47.000000 14 182 0.258
25 4 61.000000 9 182 0.335
25 5 47.000000 14 182 0.258
26 1 28.800000 9 40 0.720
26 2 25.200000 8 40 0.630
26 3 27.800000 10 40 0.695
26 4 26.200000 7 40 0.655
26 5 27.800000 10 40 0.695
27 1 25.200000 6 27 0.933
27 2 25.200000 6 27 0.933
27 3 24.200000 7 27 0.896
27 4 26.200000 5 27 0.970
27 5 24.200000 7 27 0.896
28 1 27.200000 8 103 0.264
28 2 16.000000 7 103 0.155
28 3 26.200000 9 103 0.254
28 4 17.000000 6 103 0.165
28 5 26.200000 9 103 0.254
29 1 9.000000 6 24 0.375
29 2 25.500000 7 24 1.062
29 3 8.000000 7 24 0.333
29 4 26.500000 6 24 1.104
29 5 8.000000 7 24 0.333
30 1 18.900000 8 99 0.191
30 2 14.700000 5 99 0.148
30 3 17.900000 9 99 0.181
30 4 15.700000 4 99 0.159
30 5 17.900000 9 99 0.181
31 1 35.200000 6 27 1.304
31 2 11.200000 7 27 0.415
31 3 34.200000 7 27 1.267
31 4 12.200000 6 27 0.452
31 5 34.200000 7 27 1.267
32 1 18.000000 7 107 0.168
32 2 40.500000 9 107 0.379
32 3 17.000000 8 107 0.159
32 4 41.500000 8 107 0.388
32 5 17.000000 8 107 0.159
33 1 20.300000 8 54 0.376
33 2 7.700000 8 54 0.143
33 3 19.300000 9 54 0.357
33 4 8.700000 7 54 0.161
33 5 19.300000 9 54 0.357
34 1 11.000000 10 20 0.550
34 2 18.700000 7 20 0.935
34 3 10.000000 11 20 0.500
34 4 19.700000 6 20 0.985
34 5 10.000000 11 20 0.500
35 1 45.600000 9 39 1.169
35 2 27.600000 7 39 0.708
35 3 44.600000 10 39 1.144
35 4 28.600000 6 39 0.733
35 5 44.600000 10 39 1.144
36 1 13.800000 8 56 0.246
36 2 7.200000 9 56 0.129
36 3 12.800000 9 56 0.229
36 4 8.200000 8 56 0.146
36 5 12.800000 9 56 0.229
37 1 15.000000 8 47 0.319
37 2 28.500000 7 47 0.606
37 3 14.000000 9 47 0.298
37 4 29.500000 6 47 0.628
37 5 14.000000 9 47 0.298
38 1 74.000000 9 20 3.700
38 2 22.000000 11 20 1.100
38 3 73.000000 10 20 3.650
38 4 23.000000 10 20 1.150
38 5 73.000000 10 20 3.650
39 1 4.800000 8 26 0.185
39 2 7.200000 7 26 0.277
39 3 3.800000 9 26 0.146
39 4 8.200000 6 26 0.315
39 5 3.800000 9 26 0.146
40 1 13.000000 8 88 0.148
40 2 12.000000 6 88 0.136
40 3 12.000000 9 88 0.136
40 4 13.000000 5 88 0.148
40 5 12.000000 9 88 0.136
41 1 28.700000 8 178 0.161
41 2 20.300000 8 178 0.114
41 3 27.700000 9 178 0.156
41 4 21.300000 7 178 0.120
41 5 27.700000 9 178 0.156
42 1 66.500000 25 263 0.253
42 2 33.600000 24 263 0.128
42 3 65.500000 26 263 0.249
42 4 34.600000 23 263 0.132
42 5 65.500000 26 263 0.249
43 1 28.800000 11 236 0.122
43 2 47.700000 8 236 0.202
43 3 27.800000 12 236 0.118
43 4 48.700000 7 236 0.206
43 5 27.800000 12 236 0.118
44 1 13.200000 7 74 0.178
44 2 12.100000 6 74 0.164
44 3 12.200000 8 74 0.165
44 4 13.100000 5 74 0.177
44 5 12.200000 8 74 0.165
45 1 19.200000 12 47 0.409
45 2 35.200000 12 47 0.749
45 3 18.200000 13 47 0.387
45 4 36.200000 11 47 0.770
45 5 18.200000 13 47 0.387
46 1 52.700000 9 31 1.700
46 2 39.100000 6 31 1.261
46 3 51.700000 10 31 1.668
46 4 40.100000 5 31 1.294
46 5 51.700000 10 31 1.668
47 1 37.800000 15 31 1.219
47 2 14.400000 15 31 0.465
47 3 36.800000 16 31 1.187
47 4 15.400000 14 31 0.497
47 5 36.800000 16 31 1.187
48 1 58.500000 9 49 1.194
48 2 42.000000 10 49 0.857
48 3 57.500000 10 49 1.173
48 4 43.000000 9 49 0.878
48 5 57.500000 10 49 1.173
49 1 58.000000 6 139 0.417
49 2 50.000000 8 139 0.360
49 3 57.000000 7 139 0.410
49 4 51.000000 7 139 0.367
49 5 57.000000 7 139 0.410
50 1 54.400000 9 42 1.295
50 2 42.500000 9 42 1.012
50 3 53.400000 10 42 1.271
50 4 43.500000 8 42 1.036
50 5 53.400000 10 42 1.271
51 1 44.100000 26 259 0.170
51 2 67.500000 27 259 0.261
51 3 43.100000 27 259 0.166
51 4 68.500000 26 259 0.264
51 5 43.100000 27 259 0.166
52 1 22.000000 8 44 0.500
52 2 28.000000 8 44 0.636
52 3 21.000000 9 44 0.477
52 4 29.000000 7 44 0.659
52 5 21.000000 9 44 0.477
53 1 39.000000 11 120 0.325
53 2 58.500000 13 120 0.487
53 3 38.000000 12 120 0.317
53 4 59.500000 12 120 0.496
53 5 38.000000 12 120 0.317
54 1 14.400000 9 24 0.600
54 2 23.400000 10 24 0.975
54 3 13.400000 10 24 0.558
54 4 24.400000 9 24 1.017
54 5 13.400000 10 24 0.558
55 1 30.400000 6 76 0.400
55 2 30.400000 5 76 0.400
55 3 29.400000 7 76 0.387
55 4 31.400000 4 76 0.413
55 5 29.400000 7 76 0.387
56 1 113.600000 12 215 0.528
56 2 110.400000 14 215 0.513
56 3 112.600000 13 215 0.524
56 4 111.400000 13 215 0.518
56 5 112.600000 13 215 0.524
57 1 15.200000 8 29 0.524
57 2 11.400000 6 29 0.393
57 3 14.200000 9 29 0.490
57 4 12.400000 5 29 0.428
57 5 14.200000 9 29 0.490
58 1 21.000000 11 60 0.350
58 2 19.600000 10 60 0.327
58 3 20.000000 12 60 0.333
58 4 20.600000 9 60 0.343
58 5 20.000000 12 60 0.333
59 1 49.500000 16 39 1.269
59 2 16.500000 14 39 0.423
59 3 48.500000 17 39 1.244
59 4 17.500000 13 39 0.449
59 5 48.500000 17 39 1.244
60 1 54.600000 15 267 0.204
60 2 60.200000 14 267 0.225
60 3 53.600000 16 267 0.201
60 4 61.200000 13 267 0.229
60 5 53.600000 16 267 0.201
61 1 13.600000 9 35 0.389
61 2 8.800000 6 35 0.251
61 3 12.600000 10 35 0.360
61 4 9.800000 5 35 0.280
61 5 12.600000 10 35 0.360
62 1 16.000000 8 88 0.182
62 2 26.500000 11 88 0.301
62 3 15.000000 9 88 0.170
62 4 27.500000 10 88 0.312
62 5 15.000000 9 88 0.170
63 1 24.300000 7 73 0.333
63 2 20.700000 10 73 0.284
63 3 23.300000 8 73 0.319
63 4 21.700000 9 73 0.297
63 5 23.300000 8 73 0.319
64 1 14.400000 7 80 0.180
64 2 19.200000 6 80 0.240
64 3 13.400000 8 80 0.168
64 4 20.200000 5 80 0.253
64 5 13.400000 8 80 0.168
65 1 7.700000 9 45 0.171
65 2 20.300000 7 45 0.451
65 3 6.700000 10 45 0.149
65 4 21.300000 6 45 0.473
65 5 6.700000 10 45 0.149
66 1 51.700000 10 75 0.689
66 2 14.300000 8 75 0.191
66 3 50.700000 11 75 0.676
66 4 15.300000 7 75 0.204
66 5 50.700000 11 75 0.676
67 1 23.400000 9 180 0.130
67 2 30.000000 10 180 0.167
67 3 22.400000 10 180 0.124
67 4 31.000000 9 180 0.172
67 5 22.400000 10 180 0.124
68 1 19.800000 8 212 0.093
68 2 25.200000 9 212 0.119
68 3 18.800000 9 212 0.089
68 4 26.200000 8 212 0.124
68 5 18.800000 9 212 0.089
69 1 51.000000 7 148 0.345
69 2 39.000000 8 148 0.264
69 3 50.000000 8 148 0.338
69 4 40.000000 7 148 0.270
69 5 50.000000 8 148 0.338
70 1 18.700000 6 70 0.267
70 2 17.000000 5 70 0.243
70 3 17.700000 7 70 0.253
70 4 18.000000 4 70 0.257
70 5 17.700000 7 70 0.253
71 1 7.000000 6 33 0.212
71 2 15.000000 8 33 0.455
71 3 6.000000 7 33 0.182
71 4 16.000000 7 33 0.485
71 5 6.000000 7 33 0.182
72 1 43.400000 9 241 0.180
72 2 89.600000 10 241 0.372
72 3 42.400000 10 241 0.176
72 4 90.600000 9 241 0.376
72 5 42.400000 10 241 0.176
73 1 181.500000 22 210 0.864
73 2 139.500000 20 210 0.664
73 3 180.500000 23 210 0.860
73 4 140.500000 19 210 0.669
73 5 180.500000 23 210 0.860
74 1 19.600000 9 72 0.272
74 2 16.800000 7 72 0.233
74 3 18.600000 10 72 0.258
74 4 17.800000 6 72 0.247
74 5 18.600000 10 72 0.258
75 1 48.000000 13 182 0.264
75 2 60.000000 10 182 0.330
75 3 47.000000 14 182 0.258
75 4 61.000000 9 182 0.335
75 5 47.000000 14 182 0.258
76 1 28.800000 9 40 0.720
76 2 25.200000 8 40 0.630
76 3 27.800000 10 40 0.695
76 4 26.200000 7 40 0.655
76 5 27.800000 10 40 0.695
77 1 25.200000 6 27 0.933
77 2 25.200000 6 27 0.933
77 3 24.200000 7 27 0.896
77 4 26.200000 5 27 0.970
77 5 24.200000 7 27 0.896
78 1 27.200000 8 103 0.264
78 2 16.000000 7 103 0.155
78 3 26.200000 9 103 0.254
78 4 17.000000 6 103 0.165
78 5 26.200000 9 103 0.254
79 1 9.000000 6 24 0.375
79 2 25.500000 7 24 1.062
79 3 8.000000 7 24 0.333
79 4 26.500000 6 24 1.104
79 5 8.000000 7 24 0.333
80 1 18.900000 8 99 0.191
80 2 14.700000 5 99 0.148
80 3 17.900000 9 99 0.181
80 4 15.700000 4 99 0.159
80 5 17.900000 9 99 0.181
81 1 35.200000 6 27 1.304
81 2 11.200000 7 27 0.415
81 3 34.200000 7 27 1.267
81 4 12.200000 6 27 0.452
81 5 34.200000 7 27 1.267
82 1 18.000000 7 107 0.168
82 2 40.500000 9 107 0.379
82 3 17.000000 8 107 0.159
82 4 41.500000 8 107 0.388
82 5 17.000000 8 107 0.159
83 1 20.300000 8 54 0.376
83 2 7.700000 8 54 0.143
83 3 19.300000 9 54 0.357
83 4 8.700000 7 54 0.161
83 5 19.300000 9 54 0.357
84 1 11.000000 10 20 0.550
84 2 18.700000 7 20 0.935
84 3 10.000000 11 20 0.500
84 4 19.700000 6 20 0.985
84 5 10.000000 11 20 0.500
85 1 45.600000 9 39 1.169
85 2 27.600000 7 39 0.708
85 3 44.600000 10 39 1.144
85 4 28.600000 6 39 0.733
85 5 44.600000 10 39 1.144
86 1 13.800000 8 56 0.246
86 2 7.200000 9 56 0.129
86 3 12.800000 9 56 0.229
86 4 8.200000 8 56 0.146
86 5 12.800000 9 56 0.229
87 1 15.000000 8 47 0.319
87 2 28.500000 7 47 0.606
87 3 14.000000 9 47 0.298
87 4 29.500000 6 47 0.628
87 5 14.000000 9 47 0.298
88 1 74.000000 9 20 3.700
88 2 22.000000 11 20 1.100
88 3 73.000000 10 20 3.650
88 4 23.000000 10 20 1.150
88 5 73.000000 10 20 3.650
89 1 4.800000 8 26 0.185
89 2 7.200000 7 26 0.277
89 3 3.800000 9 26 0.146
89 4 8.200000 6 26 0.315
89 5 3.800000 9 26 0.146
90 1 13.000000 8 88 0.148
90 2 12.000000 6 88 0.136
90 3 12.000000 9 88 0.136
90 4 13.000000 5 88 0.148
90 5 12.000000 9 88 0.136
91 1 28.700000 8 178 0.161
91 2 20.300000 8 178 0.114
91 3 27.700000 9 178 0.156
91 4 21.300000 7 178 0.120
91 5 27.700000 9 178 0.156
92 1 66.500000 25 263 0.253
92 2 33.600000 24 263 0.128
92 3 65.500000 26 263 0.249
92 4 34.600000 23 263 0.132
92 5 65.500000 26 263 0.249
93 1 28.800000 11 236 0.122
93 2 47.700000 8 236 0.202
93 3 27.800000 12 236 0.118
93 4 48.700000 7 236 0.206
93 5 27.800000 12 236 0.118
94 1 13.200000 7 74 0.178
94 2 12.100000 6 74 0.164
94 3 12.200000 8 74 0.165
94 4 13.100000 5 74 0.177
94 5 12.200000 8 74 0.165
95 1 19.200000 12 47 0.409
95 2 35.200000 12 47 0.749
95 3 18.200000 13 47 0.387
95 4 36.200000 11 47 0.770
95 5 18.200000 13 47 0.387
96 1 52.700000 9 31 1.700
96 2 39.100000 6 31 1.261
96 3 51.700000 10 31 1.668
96 4 40.100000 5 31 1.294
96 5 51.700000 10 31 1.668
97 1 37.800000 15 31 1.219
97 2 14.400000 15 31 0.465
97 3 36.800000 16 31 1.187
97 4 15.400000 14 31 0.497
97 5 36.800000 16 31 1.187
98 1 58.500000 9 49 1.194
98 2 42.000000 10 49 0.857
98 3 57.500000 10 49 1.173
98 4 43.000000 9 49 0.878
98 5 57.500000 10 49 1.173
99 1 58.000000 6 139 0.417
99 2 50.000000 8 139 0.360
99 3 57.000000 7 139 0.410
99 4 51.000000 7 139 0.367
99 5 57.000000 7 139 0.410
100 1 54.400000 9 42 1.295
100 2 42.500000 9 42 1.012
100 3 53.400000 10 42 1.271
100 4 43.500000 8 42 1.036
100 5 53.400000 10 42 1.271
