100
10
50
50
50
50
50
50
50
50
50
50
1 1 44.100000 26 259 0.170
1 2 67.500000 27 259 0.261
1 3 43.100000 27 259 0.166
1 4 68.500000 26 259 0.264
1 5 43.100000 27 259 0.166
1 6 45.100000 25 259 0.174
1 7 66.500000 28 259 0.257
1 8 44.100000 26 259 0.170
1 9 67.500000 27 259 0.261
1 10 44.100000 26 259 0.170
2 1 22.000000 8 44 0.500
2 2 28.000000 8 44 0.636
2 3 21.000000 9 44 0.477
2 4 29.000000 7 44 0.659
2 5 21.000000 9 44 0.477
2 6 23.000000 7 44 0.523
2 7 27.000000 9 44 0.614
2 8 22.000000 8 44 0.500
2 9 28.000000 8 44 0.636
2 10 22.000000 8 44 0.500
3 1 39.000000 11 120 0.325
3 2 58.500000 13 120 0.487
3 3 38.000000 12 120 0.317
3 4 59.500000 12 120 0.496
3 5 38.000000 12 120 0.317
3 6 40.000000 10 120 0.333
3 7 57.500000 14 120 0.479
3 8 39.000000 11 120 0.325
3 9 58.500000 13 120 0.487
3 10 39.000000 11 120 0.325
4 1 14.400000 9 24 0.600
4 2 23.400000 10 24 0.975
4 3 13.400000 10 24 0.558
4 4 24.400000 9 24 1.017
4 5 13.400000 10 24 0.558
4 6 15.400000 8 24 0.642
4 7 22.400000 11 24 0.933
4 8 14.400000 9 24 0.600
4 9 23.400000 10 24 0.975
4 10 14.400000 9 24 0.600
5 1 30.400000 6 76 0.400
5 2 30.400000 5 76 0.400
5 3 29.400000 7 76 0.387
5 4 31.400000 4 76 0.413
5 5 29.400000 7 76 0.387
5 6 31.400000 5 76 0.413
5 7 29.400000 6 76 0.387
5 8 30.400000 6 76 0.400
5 9 30.400000 5 76 0.400
5 10 30.400000 6 76 0.400
6 1 113.600000 12 215 0.528
6 2 110.400000 14 215 0.513
6 3 112.600000 13 215 0.524
6 4 111.400000 13 215 0.518
6 5 112.600000 13 215 0.524
6 6 114.600000 11 215 0.533
6 7 109.400000 15 215 0.509
6 8 113.600000 12 215 0.528
6 9 110.400000 14 215 0.513
6 10 113.600000 12 215 0.528
7 1 15.200000 8 29 0.524
7 2 11.400000 6 29 0.393
7 3 14.200000 9 29 0.490
7 4 12.400000 5 29 0.428
7 5 14.200000 9 29 0.490
7 6 16.200000 7 29 0.559
7 7 10.400000 7 29 0.359
7 8 15.200000 8 29 0.524
7 9 11.400000 6 29 0.393
7 10 15.200000 8 29 0.524
8 1 21.000000 11 60 0.350
8 2 19.600000 10 60 0.327
8 3 20.000000 12 60 0.333
8 4 20.600000 9 60 0.343
8 5 20.000000 12 60 0.333
8 6 22.000000 10 60 0.367
8 7 18.600000 11 60 0.310
8 8 21.000000 11 60 0.350
8 9 19.600000 10 60 0.327
8 10 21.000000 11 60 0.350
9 1 49.500000 16 39 1.269
9 2 16.500000 14 39 0.423
9 3 48.500000 17 39 1.244
9 4 17.500000 13 39 0.449
9 5 48.500000 17 39 1.244
9 6 50.500000 15 39 1.295
9 7 15.500000 15 39 0.397
9 8 49.500000 16 39 1.269
9 9 16.500000 14 39 0.423
9 10 49.500000 16 39 1.269
10 1 54.600000 15 267 0.204
10 2 60.200000 14 267 0.225
10 3 53.600000 16 267 0.201
10 4 61.200000 13 267 0.229
10 5 53.600000 16 267 0.201
10 6 55.600000 14 267 0.208
10 7 59.200000 15 267 0.222
10 8 54.600000 15 267 0.204
10 9 60.200000 14 267 0.225
10 10 54.600000 15 267 0.204
11 1 13.600000 9 35 0.389
11 2 8.800000 6 35 0.251
11 3 12.600000 10 35 0.360
11 4 9.800000 5 35 0.280
11 5 12.600000 10 35 0.360
11 6 14.600000 8 35 0.417
11 7 7.800000 7 35 0.223
11 8 13.600000 9 35 0.389
11 9 8.800000 6 35 0.251
11 10 13.600000 9 35 0.389
12 1 16.000000 8 88 0.182
12 2 26.500000 11 88 0.301
12 3 15.000000 9 88 0.170
12 4 27.500000 10 88 0.312
12 5 15.000000 9 88 0.170
12 6 17.000000 7 88 0.193
12 7 25.500000 12 88 0.290
12 8 16.000000 8 88 0.182
12 9 26.500000 11 88 0.301
12 10 16.000000 8 88 0.182
13 1 24.300000 7 73 0.333
13 2 20.700000 10 73 0.284
13 3 23.300000 8 73 0.319
13 4 21.700000 9 73 0.297
13 5 23.300000 8 73 0.319
13 6 25.300000 6 73 0.347
13 7 19.700000 11 73 0.270
13 8 24.300000 7 73 0.333
13 9 20.700000 10 73 0.284
13 10 24.300000 7 73 0.333
14 1 14.400000 7 80 0.180
14 2 19.200000 6 80 0.240
14 3 13.400000 8 80 0.168
14 4 20.200000 5 80 0.253
14 5 13.400000 8 80 0.168
14 6 15.400000 6 80 0.193
14 7 18.200000 7 80 0.227
14 8 14.400000 7 80 0.180
14 9 19.200000 6 80 0.240
14 10 14.400000 7 80 0.180
15 1 7.700000 9 45 0.171
15 2 20.300000 7 45 0.451
15 3 6.700000 10 45 0.149
15 4 21.300000 6 45 0.473
15 5 6.700000 10 45 0.149
15 6 8.700000 8 45 0.193
15 7 19.300000 8 45 0.429
15 8 7.700000 9 45 0.171
15 9 20.300000 7 45 0.451
15 10 7.700000 9 45 0.171
16 1 51.700000 10 75 0.689
16 2 14.300000 8 75 0.191
16 3 50.700000 11 75 0.676
16 4 15.300000 7 75 0.204
16 5 50.700000 11 75 0.676
16 6 52.700000 9 75 0.703
16 7 13.300000 9 75 0.177
16 8 51.700000 10 75 0.689
16 9 14.300000 8 75 0.191
16 10 51.700000 10 75 0.689
17 1 23.400000 9 180 0.130
17 2 30.000000 10 180 0.167
17 3 22.400000 10 180 0.124
17 4 31.000000 9 180 0.172
17 5 22.400000 10 180 0.124
17 6 24.400000 8 180 0.136
17 7 29.000000 11 180 0.161
17 8 23.400000 9 180 0.130
17 9 30.000000 10 180 0.167
17 10 23.400000 9 180 0.130
18 1 19.800000 8 212 0.093
18 2 25.200000 9 212 0.119
18 3 18.800000 9 212 0.089
18 4 26.200000 8 212 0.124
18 5 18.800000 9 212 0.089
18 6 20.800000 7 212 0.098
18 7 24.200000 10 212 0.114
18 8 19.800000 8 212 0.093
18 9 25.200000 9 212 0.119
18 10 19.800000 8 212 0.093
19 1 51.000000 7 148 0.345
19 2 39.000000 8 148 0.264
19 3 50.000000 8 148 0.338
19 4 40.000000 7 148 0.270
19 5 50.000000 8 148 0.338
19 6 52.000000 6 148 0.351
19 7 38.000000 9 148 0.257
19 8 51.000000 7 148 0.345
19 9 39.000000 8 148 0.264
19 10 51.000000 7 148 0.345
20 1 18.700000 6 70 0.267
20 2 17.000000 5 70 0.243
20 3 17.700000 7 70 0.253
20 4 18.000000 4 70 0.257
20 5 17.700000 7 70 0.253
20 6 19.700000 5 70 0.281
20 7 16.000000 6 70 0.229
20 8 18.700000 6 70 0.267
20 9 17.000000 5 70 0.243
20 10 18.700000 6 70 0.267
21 1 7.000000 6 33 0.212
21 2 15.000000 8 33 0.455
21 3 6.000000 7 33 0.182
21 4 16.000000 7 33 0.485
21 5 6.000000 7 33 0.182
21 6 8.000000 5 33 0.242
21 7 14.000000 9 33 0.424
21 8 7.000000 6 33 0.212
21 9 15.000000 8 33 0.455
21 10 7.000000 6 33 0.212
22 1 43.400000 9 241 0.180
22 2 89.600000 10 241 0.372
22 3 42.400000 10 241 0.176
22 4 90.600000 9 241 0.376
22 5 42.400000 10 241 0.176
22 6 44.400000 8 241 0.184
22 7 88.600000 11 241 0.368
22 8 43.400000 9 241 0.180
22 9 89.600000 10 241 0.372
22 10 43.400000 9 241 0.180
23 1 181.500000 22 210 0.864
23 2 139.500000 20 210 0.664
23 3 180.500000 23 210 0.860
23 4 140.500000 19 210 0.669
23 5 180.500000 23 210 0.860
23 6 182.500000 21 210 0.869
23 7 138.500000 21 210 0.660
23 8 181.500000 22 210 0.864
23 9 139.500000 20 210 0.664
23 10 181.500000 22 210 0.864
24 1 19.600000 9 72 0.272
24 2 16.800000 7 72 0.233
24 3 18.600000 10 72 0.258
24 4 17.800000 6 72 0.247
24 5 18.600000 10 72 0.258
24 6 20.600000 8 72 0.286
24 7 15.800000 8 72 0.219
24 8 19.600000 9 72 0.272
24 9 16.800000 7 72 0.233
24 10 19.600000 9 72 0.272
25 1 48.000000 13 182 0.264
25 2 60.000000 10 182 0.330
25 3 47.000000 14 182 0.258
25 4 61.000000 9 182 0.335
25 5 47.000000 14 182 0.258
25 6 49.000000 12 182 0.269
25 7 59.000000 11 182 0.324
25 8 48.000000 13 182 0.264
25 9 60.000000 10 182 0.330
25 10 48.000000 13 182 0.264
26 1 28.800000 9 40 0.720
26 2 25.200000 8 40 0.630
26 3 27.800000 10 40 0.695
26 4 26.200000 7 40 0.655
26 5 27.800000 10 40 0.695
26 6 29.800000 8 40 0.745
26 7 24.200000 9 40 0.605
26 8 28.800000 9 40 0.720
26 9 25.200000 8 40 0.630
26 10 28.800000 9 40 0.720
27 1 25.200000 6 27 0.933
27 2 25.200000 6 27 0.933
27 3 24.200000 7 27 0.896
27 4 26.200000 5 27 0.970
27 5 24.200000 7 27 0.896
27 6 26.200000 5 27 0.970
27 7 24.200000 7 27 0.896
27 8 25.200000 6 27 0.933
27 9 25.200000 6 27 0.933
27 10 25.200000 6 27 0.933
28 1 27.200000 8 103 0.264
28 2 16.000000 7 103 0.155
28 3 26.200000 9 103 0.254
28 4 17.000000 6 103 0.165
28 5 26.200000 9 103 0.254
28 6 28.200000 7 103 0.274
28 7 15.000000 8 103 0.146
28 8 27.200000 8 103 0.264
28 9 16.000000 7 103 0.155
28 10 27.200000 8 103 0.264
29 1 9.000000 6 24 0.375
29 2 25.500000 7 24 1.062
29 3 8.000000 7 24 0.333
29 4 26.500000 6 24 1.104
29 5 8.000000 7 24 0.333
29 6 10.000000 5 24 0.417
29 7 24.500000 8 24 1.021
29 8 9.000000 6 24 0.375
29 9 25.500000 7 24 1.062
29 10 9.000000 6 24 0.375
30 1 18.900000 8 99 0.191
30 2 14.700000 5 99 0.148
30 3 17.900000 9 99 0.181
30 4 15.700000 4 99 0.159
30 5 17.900000 9 99 0.181
30 6 19.900000 7 99 0.201
30 7 13.700000 6 99 0.138
30 8 18.900000 8 99 0.191
30 9 14.700000 5 99 0.148
30 10 18.900000 8 99 0.191
31 1 35.200000 6 27 1.304
31 2 11.200000 7 27 0.415
31 3 34.200000 7 27 1.267
31 4 12.200000 6 27 0.452
31 5 34.200000 7 27 1.267
31 6 36.200000 5 27 1.341
31 7 10.200000 8 27 0.378
31 8 35.200000 6 27 1.304
31 9 11.200000 7 27 0.415
31 10 35.200000 6 27 1.304
32 1 18.000000 7 107 0.168
32 2 40.500000 9 107 0.379
32 3 17.000000 8 107 0.159
32 4 41.500000 8 107 0.388
32 5 17.000000 8 107 0.159
32 6 19.000000 6 107 0.178
32 7 39.500000 10 107 0.369
32 8 18.000000 7 107 0.168
32 9 40.500000 9 107 0.379
32 10 18.000000 7 107 0.168
33 1 20.300000 8 54 0.376
33 2 7.700000 8 54 0.143
33 3 19.300000 9 54 0.357
33 4 8.700000 7 54 0.161
33 5 19.300000 9 54 0.357
33 6 21.300000 7 54 0.394
33 7 6.700000 9 54 0.124
33 8 20.300000 8 54 0.376
33 9 7.700000 8 54 0.143
33 10 20.300000 8 54 0.376
34 1 11.000000 10 20 0.550
34 2 18.700000 7 20 0.935
34 3 10.000000 11 20 0.500
34 4 19.700000 6 20 0.985
34 5 10.000000 11 20 0.500
34 6 12.000000 9 20 0.600
34 7 17.700000 8 20 0.885
34 8 11.000000 10 20 0.550
34 9 18.700000 7 20 0.935
34 10 11.000000 10 20 0.550
35 1 45.600000 9 39 1.169
35 2 27.600000 7 39 0.708
35 3 44.600000 10 39 1.144
35 4 28.600000 6 39 0.733
35 5 44.600000 10 39 1.144
35 6 46.600000 8 39 1.195
35 7 26.600000 8 39 0.682
35 8 45.600000 9 39 1.169
35 9 27.600000 7 39 0.708
35 10 45.600000 9 39 1.169
36 1 13.800000 8 56 0.246
36 2 7.200000 9 56 0.129
36 3 12.800000 9 56 0.229
36 4 8.200000 8 56 0.146
36 5 12.800000 9 56 0.229
36 6 14.800000 7 56 0.264
36 7 6.200000 10 56 0.111
36 8 13.800000 8 56 0.246
36 9 7.200000 9 56 0.129
36 10 13.800000 8 56 0.246
37 1 15.000000 8 47 0.319
37 2 28.500000 7 47 0.606
37 3 14.000000 9 47 0.298
37 4 29.500000 6 47 0.628
37 5 14.000000 9 47 0.298
37 6 16.000000 7 47 0.340
37 7 27.500000 8 47 0.585
37 8 15.000000 8 47 0.319
37 9 28.500000 7 47 0.606
37 10 15.000000 8 47 0.319
38 1 74.000000 9 20 3.700
38 2 22.000000 11 20 1.100
38 3 73.000000 10 20 3.650
38 4 23.000000 10 20 1.150
38 5 73.000000 10 20 3.650
38 6 75.000000 8 20 3.750
38 7 21.000000 12 20 1.050
38 8 74.000000 9 20 3.700
38 9 22.000000 11 20 1.100
38 10 74.000000 9 20 3.700
39 1 4.800000 8 26 0.185
39 2 7.200000 7 26 0.277
39 3 3.800000 9 26 0.146
39 4 8.200000 6 26 0.315
39 5 3.800000 9 26 0.146
39 6 5.800000 7 26 0.223
39 7 6.200000 8 26 0.238
39 8 4.800000 8 26 0.185
39 9 7.200000 7 26 0.277
39 10 4.800000 8 26 0.185
40 1 13.000000 8 88 0.148
40 2 12.000000 6 88 0.136
40 3 12.000000 9 88 0.136
40 4 13.000000 5 88 0.148
40 5 12.000000 9 88 0.136
40 6 14.000000 7 88 0.159
40 7 11.000000 7 88 0.125
40 8 13.000000 8 88 0.148
40 9 12.000000 6 88 0.136
40 10 13.000000 8 88 0.148
41 1 28.700000 8 178 0.161
41 2 20.300000 8 178 0.114
41 3 27.700000 9 178 0.156
41 4 21.300000 7 178 0.120
41 5 27.700000 9 178 0.156
41 6 29.700000 7 178 0.167
41 7 19.300000 9 178 0.108
41 8 28.700000 8 178 0.161
41 9 20.300000 8 178 0.114
41 10 28.700000 8 178 0.161
42 1 66.500000 25 263 0.253
42 2 33.600000 24 263 0.128
42 3 65.500000 26 263 0.249
42 4 34.600000 23 263 0.132
42 5 65.500000 26 263 0.249
42 6 67.500000 24 263 0.257
42 7 32.600000 25 263 0.124
42 8 66.500000 25 263 0.253
42 9 33.600000 24 263 0.128
42 10 66.500000 25 263 0.253
43 1 28.800000 11 236 0.122
43 2 47.700000 8 236 0.202
43 3 27.800000 12 236 0.118
43 4 48.700000 7 236 0.206
43 5 27.800000 12 236 0.118
43 6 29.800000 10 236 0.126
43 7 46.700000 9 236 0.198
43 8 28.800000 11 236 0.122
43 9 47.700000 8 236 0.202
43 10 28.800000 11 236 0.122
44 1 13.200000 7 74 0.178
44 2 12.100000 6 74 0.164
44 3 12.200000 8 74 0.165
44 4 13.100000 5 74 0.177
44 5 12.200000 8 74 0.165
44 6 14.200000 6 74 0.192
44 7 11.100000 7 74 0.150
44 8 13.200000 7 74 0.178
44 9 12.100000 6 74 0.164
44 10 13.200000 7 74 0.178
45 1 19.200000 12 47 0.409
45 2 35.200000 12 47 0.749
45 3 18.200000 13 47 0.387
45 4 36.200000 11 47 0.770
45 5 18.200000 13 47 0.387
45 6 20.200000 11 47 0.430
45 7 34.200000 13 47 0.728
45 8 19.200000 12 47 0.409
45 9 35.200000 12 47 0.749
45 10 19.200000 12 47 0.409
46 1 52.700000 9 31 1.700
46 2 39.100000 6 31 1.261
46 3 51.700000 10 31 1.668
46 4 40.100000 5 31 1.294
46 5 51.700000 10 31 1.668
46 6 53.700000 8 31 1.732
46 7 38.100000 7 31 1.229
46 8 52.700000 9 31 1.700
46 9 39.100000 6 31 1.261
46 10 52.700000 9 31 1.700
47 1 37.800000 15 31 1.219
47 2 14.400000 15 31 0.465
47 3 36.800000 16 31 1.187
47 4 15.400000 14 31 0.497
47 5 36.800000 16 31 1.187
47 6 38.800000 14 31 1.252
47 7 13.400000 16 31 0.432
47 8 37.800000 15 31 1.219
47 9 14.400000 15 31 0.465
47 10 37.800000 15 31 1.219
48 1 58.500000 9 49 1.194
48 2 42.000000 10 49 0.857
48 3 57.500000 10 49 1.173
48 4 43.000000 9 49 0.878
48 5 57.500000 10 49 1.173
48 6 59.500000 8 49 1.214
48 7 41.000000 11 49 0.837
48 8 58.500000 9 49 1.194
48 9 42.000000 10 49 0.857
48 10 58.500000 9 49 1.194
49 1 58.000000 6 139 0.417
49 2 50.000000 8 139 0.360
49 3 57.000000 7 139 0.410
49 4 51.000000 7 139 0.367
49 5 57.000000 7 139 0.410
49 6 59.000000 5 139 0.424
49 7 49.000000 9 139 0.353
49 8 58.000000 6 139 0.417
49 9 50.000000 8 139 0.360
49 10 58.000000 6 139 0.417
50 1 54.400000 9 42 1.295
50 2 42.500000 9 42 1.012
50 3 53.400000 10 42 1.271
50 4 43.500000 8 42 1.036
50 5 53.400000 10 42 1.271
50 6 55.400000 8 42 1.319
50 7 41.500000 10 42 0.988
50 8 54.400000 9 42 1.295
50 9 42.500000 9 42 1.012
50 10 54.400000 9 42 1.295
51 1 44.100000 26 259 0.170
51 2 67.500000 27 259 0.261
51 3 43.100000 27 259 0.166
51 4 68.500000 26 259 0.264
51 5 43.100000 27 259 0.166
51 6 45.100000 25 259 0.174
51 7 66.500000 28 259 0.257
51 8 44.100000 26 259 0.170
51 9 67.500000 27 259 0.261
51 10 44.100000 26 259 0.170
52 1 22.000000 8 44 0.500
52 2 28.000000 8 44 0.636
52 3 21.000000 9 44 0.477
52 4 29.000000 7 44 0.659
52 5 21.000000 9 44 0.477
52 6 23.000000 7 44 0.523
52 7 27.000000 9 44 0.614
52 8 22.000000 8 44 0.500
52 9 28.000000 8 44 0.636
52 10 22.000000 8 44 0.500
53 1 39.000000 11 120 0.325
53 2 58.500000 13 120 0.487
53 3 38.000000 12 120 0.317
53 4 59.500000 12 120 0.496
53 5 38.000000 12 120 0.317
53 6 40.000000 10 120 0.333
53 7 57.500000 14 120 0.479
53 8 39.000000 11 120 0.325
53 9 58.500000 13 120 0.487
53 10 39.000000 11 120 0.325
54 1 14.400000 9 24 0.600
54 2 23.400000 10 24 0.975
54 3 13.400000 10 24 0.558
54 4 24.400000 9 24 1.017
54 5 13.400000 10 24 0.558
54 6 15.400000 8 24 0.642
54 7 22.400000 11 24 0.933
54 8 14.400000 9 24 0.600
54 9 23.400000 10 24 0.975
54 10 14.400000 9 24 0.600
55 1 30.400000 6 76 0.400
55 2 30.400000 5 76 0.400
55 3 29.400000 7 76 0.387
55 4 31.400000 4 76 0.413
55 5 29.400000 7 76 0.387
55 6 31.400000 5 76 0.413
55 7 29.400000 6 76 0.387
55 8 30.400000 6 76 0.400
55 9 30.400000 5 76 0.400
55 10 30.400000 6 76 0.400
56 1 113.600000 12 215 0.528
56 2 110.400000 14 215 0.513
56 3 112.600000 13 215 0.524
56 4 111.400000 13 215 0.518
56 5 112.600000 13 215 0.524
56 6 114.600000 11 215 0.533
56 7 109.400000 15 215 0.509
56 8 113.600000 12 215 0.528
56 9 110.400000 14 215 0.513
56 10 113.600000 12 215 0.528
57 1 15.200000 8 29 0.524
57 2 11.400000 6 29 0.393
57 3 14.200000 9 29 0.490
57 4 12.400000 5 29 0.428
57 5 14.200000 9 29 0.490
57 6 16.200000 7 29 0.559
57 7 10.400000 7 29 0.359
57 8 15.200000 8 29 0.524
57 9 11.400000 6 29 0.393
57 10 15.200000 8 29 0.524
58 1 21.000000 11 60 0.350
58 2 19.600000 10 60 0.327
58 3 20.000000 12 60 0.333
58 4 20.600000 9 60 0.343
58 5 20.000000 12 60 0.333
58 6 22.000000 10 60 0.367
58 7 18.600000 11 60 0.310
58 8 21.000000 11 60 0.350
58 9 19.600000 10 60 0.327
58 10 21.000000 11 60 0.350
59 1 49.500000 16 39 1.269
59 2 16.500000 14 39 0.423
59 3 48.500000 17 39 1.244
59 4 17.500000 13 39 0.449
59 5 48.500000 17 39 1.244
59 6 50.500000 15 39 1.295
59 7 15.500000 15 39 0.397
59 8 49.500000 16 39 1.269
59 9 16.500000 14 39 0.423
59 10 49.500000 16 39 1.269
60 1 54.600000 15 267 0.204
60 2 60.200000 14 267 0.225
60 3 53.600000 16 267 0.201
60 4 61.200000 13 267 0.229
60 5 53.600000 16 267 0.201
60 6 55.600000 14 267 0.208
60 7 59.200000 15 267 0.222
60 8 54.600000 15 267 0.204
60 9 60.200000 14 267 0.225
60 10 54.600000 15 267 0.204
61 1 13.600000 9 35 0.389
61 2 8.800000 6 35 0.251
61 3 12.600000 10 35 0.360
61 4 9.800000 5 35 0.280
61 5 12.600000 10 35 0.360
61 6 14.600000 8 35 0.417
61 7 7.800000 7 35 0.223
61 8 13.600000 9 35 0.389
61 9 8.800000 6 35 0.251
61 10 13.600000 9 35 0.389
62 1 16.000000 8 88 0.182
62 2 26.500000 11 88 0.301
62 3 15.000000 9 88 0.170
62 4 27.500000 10 88 0.312
62 5 15.000000 9 88 0.170
62 6 17.000000 7 88 0.193
62 7 25.500000 12 88 0.290
62 8 16.000000 8 88 0.182
62 9 26.500000 11 88 0.301
62 10 16.000000 8 88 0.182
63 1 24.300000 7 73 0.333
63 2 20.700000 10 73 0.284
63 3 23.300000 8 73 0.319
63 4 21.700000 9 73 0.297
63 5 23.300000 8 73 0.319
63 6 25.300000 6 73 0.347
63 7 19.700000 11 73 0.270
63 8 24.300000 7 73 0.333
63 9 20.700000 10 73 0.284
63 10 24.300000 7 73 0.333
64 1 14.400000 7 80 0.180
64 2 19.200000 6 80 0.240
64 3 13.400000 8 80 0.168
64 4 20.200000 5 80 0.253
64 5 13.400000 8 80 0.168
64 6 15.400000 6 80 0.193
64 7 18.200000 7 80 0.227
64 8 14.400000 7 80 0.180
64 9 19.200000 6 80 0.240
64 10 14.400000 7 80 0.180
65 1 7.700000 9 45 0.171
65 2 20.300000 7 45 0.451
65 3 6.700000 10 45 0.149
65 4 21.300000 6 45 0.473
65 5 6.700000 10 45 0.149
65 6 8.700000 8 45 0.193
65 7 19.300000 8 45 0.429
65 8 7.700000 9 45 0.171
65 9 20.300000 7 45 0.451
65 10 7.700000 9 45 0.171
66 1 51.700000 10 75 0.689
66 2 14.300000 8 75 0.191
66 3 50.700000 11 75 0.676
66 4 15.300000 7 75 0.204
66 5 50.700000 11 75 0.676
66 6 52.700000 9 75 0.703
66 7 13.300000 9 75 0.177
66 8 51.700000 10 75 0.689
66 9 14.300000 8 75 0.191
66 10 51.700000 10 75 0.689
67 1 23.400000 9 180 0.130
67 2 30.000000 10 180 0.167
67 3 22.400000 10 180 0.124
67 4 31.000000 9 180 0.172
67 5 22.400000 10 180 0.124
67 6 24.400000 8 180 0.136
67 7 29.000000 11 180 0.161
67 8 23.400000 9 180 0.130
67 9 30.000000 10 180 0.167
67 10 23.400000 9 180 0.130
68 1 19.800000 8 212 0.093
68 2 25.200000 9 212 0.119
68 3 18.800000 9 212 0.089
68 4 26.200000 8 212 0.124
68 5 18.800000 9 212 0.089
68 6 20.800000 7 212 0.098
68 7 24.200000 10 212 0.114
68 8 19.800000 8 212 0.093
68 9 25.200000 9 212 0.119
68 10 19.800000 8 212 0.093
69 1 51.000000 7 148 0.345
69 2 39.000000 8 148 0.264
69 3 50.000000 8 148 0.338
69 4 40.000000 7 148 0.270
69 5 50.000000 8 148 0.338
69 6 52.000000 6 148 0.351
69 7 38.000000 9 148 0.257
69 8 51.000000 7 148 0.345
69 9 39.000000 8 148 0.264
69 10 51.000000 7 148 0.345
70 1 18.700000 6 70 0.267
70 2 17.000000 5 70 0.243
70 3 17.700000 7 70 0.253
70 4 18.000000 4 70 0.257
70 5 17.700000 7 70 0.253
70 6 19.700000 5 70 0.281
70 7 16.000000 6 70 0.229
70 8 18.700000 6 70 0.267
70 9 17.000000 5 70 0.243
70 10 18.700000 6 70 0.267
71 1 7.000000 6 33 0.212
71 2 15.000000 8 33 0.455
71 3 6.000000 7 33 0.182
71 4 16.000000 7 33 0.485
71 5 6.000000 7 33 0.182
71 6 8.000000 5 33 0.242
71 7 14.000000 9 33 0.424
71 8 7.000000 6 33 0.212
71 9 15.000000 8 33 0.455
71 10 7.000000 6 33 0.212
72 1 43.400000 9 241 0.180
72 2 89.600000 10 241 0.372
72 3 42.400000 10 241 0.176
72 4 90.600000 9 241 0.376
72 5 42.400000 10 241 0.176
72 6 44.400000 8 241 0.184
72 7 88.600000 11 241 0.368
72 8 43.400000 9 241 0.180
72 9 89.600000 10 241 0.372
72 10 43.400000 9 241 0.180
73 1 181.500000 22 210 0.864
73 2 139.500000 20 210 0.664
73 3 180.500000 23 210 0.860
73 4 140.500000 19 210 0.669
73 5 180.500000 23 210 0.860
73 6 182.500000 21 210 0.869
73 7 138.500000 21 210 0.660
73 8 181.500000 22 210 0.864
73 9 139.500000 20 210 0.664
73 10 181.500000 22 210 0.864
74 1 19.600000 9 72 0.272
74 2 16.800000 7 72 0.233
74 3 18.600000 10 72 0.258
74 4 17.800000 6 72 0.247
74 5 18.600000 10 72 0.258
74 6 20.600000 8 72 0.286
74 7 15.800000 8 72 0.219
74 8 19.600000 9 72 0.272
74 9 16.800000 7 72 0.233
74 10 19.600000 9 72 0.272
75 1 48.000000 13 182 0.264
75 2 60.000000 10 182 0.330
75 3 47.000000 14 182 0.258
75 4 61.000000 9 182 0.335
75 5 47.000000 14 182 0.258
75 6 49.000000 12 182 0.269
75 7 59.000000 11 182 0.324
75 8 48.000000 13 182 0.264
75 9 60.000000 10 182 0.330
75 10 48.000000 13 182 0.264
76 1 28.800000 9 40 0.720
76 2 25.200000 8 40 0.630
76 3 27.800000 10 40 0.695
76 4 26.200000 7 40 0.655
76 5 27.800000 10 40 0.695
76 6 29.800000 8 40 0.745
76 7 24.200000 9 40 0.605
76 8 28.800000 9 40 0.720
76 9 25.200000 8 40 0.630
76 10 28.800000 9 40 0.720
77 1 25.200000 6 27 0.933
77 2 25.200000 6 27 0.933
77 3 24.200000 7 27 0.896
77 4 26.200000 5 27 0.970
77 5 24.200000 7 27 0.896
77 6 26.200000 5 27 0.970
77 7 24.200000 7 27 0.896
77 8 25.200000 6 27 0.933
77 9 25.200000 6 27 0.933
77 10 25.200000 6 27 0.933
78 1 27.200000 8 103 0.264
78 2 16.000000 7 103 0.155
78 3 26.200000 9 103 0.254
78 4 17.000000 6 103 0.165
78 5 26.200000 9 103 0.254
78 6 28.200000 7 103 0.274
78 7 15.000000 8 103 0.146
78 8 27.200000 8 103 0.264
78 9 16.000000 7 103 0.155
78 10 27.200000 8 103 0.264
79 1 9.000000 6 24 0.375
79 2 25.500000 7 24 1.062
79 3 8.000000 7 24 0.333
79 4 26.500000 6 24 1.104
79 5 8.000000 7 24 0.333
79 6 10.000000 5 24 0.417
79 7 24.500000 8 24 1.021
79 8 9.000000 6 24 0.375
79 9 25.500000 7 24 1.062
79 10 9.000000 6 24 0.375
80 1 18.900000 8 99 0.191
80 2 14.700000 5 99 0.148
80 3 17.900000 9 99 0.181
80 4 15.700000 4 99 0.159
80 5 17.900000 9 99 0.181
80 6 19.900000 7 99 0.201
80 7 13.700000 6 99 0.138
80 8 18.900000 8 99 0.191
80 9 14.700000 5 99 0.148
80 10 18.900000 8 99 0.191
81 1 35.200000 6 27 1.304
81 2 11.200000 7 27 0.415
81 3 34.200000 7 27 1.267
81 4 12.200000 6 27 0.452
81 5 34.200000 7 27 1.267
81 6 36.200000 5 27 1.341
81 7 10.200000 8 27 0.378
81 8 35.200000 6 27 1.304
81 9 11.200000 7 27 0.415
81 10 35.200000 6 27 1.304
82 1 18.000000 7 107 0.168
82 2 40.500000 9 107 0.379
82 3 17.000000 8 107 0.159
82 4 41.500000 8 107 0.388
82 5 17.000000 8 107 0.159
82 6 19.000000 6 107 0.178
82 7 39.500000 10 107 0.369
82 8 18.000000 7 107 0.168
82 9 40.500000 9 107 0.379
82 10 18.000000 7 107 0.168
83 1 20.300000 8 54 0.376
83 2 7.700000 8 54 0.143
83 3 19.300000 9 54 0.357
83 4 8.700000 7 54 0.161
83 5 19.300000 9 54 0.357
83 6 21.300000 7 54 0.394
83 7 6.700000 9 54 0.124
83 8 20.300000 8 54 0.376
83 9 7.700000 8 54 0.143
83 10 20.300000 8 54 0.376
84 1 11.000000 10 20 0.550
84 2 18.700000 7 20 0.935
84 3 10.000000 11 20 0.500
84 4 19.700000 6 20 0.985
84 5 10.000000 11 20 0.500
84 6 12.000000 9 20 0.600
84 7 17.700000 8 20 0.885
84 8 11.000000 10 20 0.550
84 9 18.700000 7 20 0.935
84 10 11.000000 10 20 0.550
85 1 45.600000 9 39 1.169
85 2 27.600000 7 39 0.708
85 3 44.600000 10 39 1.144
85 4 28.600000 6 39 0.733
85 5 44.600000 10 39 1.144
85 6 46.600000 8 39 1.195
85 7 26.600000 8 39 0.682
85 8 45.600000 9 39 1.169
85 9 27.600000 7 39 0.708
85 10 45.600000 9 39 1.169
86 1 13.800000 8 56 0.246
86 2 7.200000 9 56 0.129
86 3 12.800000 9 56 0.229
86 4 8.200000 8 56 0.146
86 5 12.800000 9 56 0.229
86 6 14.800000 7 56 0.264
86 7 6.200000 10 56 0.111
86 8 13.800000 8 56 0.246
86 9 7.200000 9 56 0.129
86 10 13.800000 8 56 0.246
87 1 15.000000 8 47 0.319
87 2 28.500000 7 47 0.606
87 3 14.000000 9 47 0.298
87 4 29.500000 6 47 0.628
87 5 14.000000 9 47 0.298
87 6 16.000000 7 47 0.340
87 7 27.500000 8 47 0.585
87 8 15.000000 8 47 0.319
87 9 28.500000 7 47 0.606
87 10 15.000000 8 47 0.319
88 1 74.000000 9 20 3.700
88 2 22.000000 11 20 1.100
88 3 73.000000 10 20 3.650
88 4 23.000000 10 20 1.150
88 5 73.000000 10 20 3.650
88 6 75.000000 8 20 3.750
88 7 21.000000 12 20 1.050
88 8 74.000000 9 20 3.700
88 9 22.000000 11 20 1.100
88 10 74.000000 9 20 3.700
89 1 4.800000 8 26 0.185
89 2 7.200000 7 26 0.277
89 3 3.800000 9 26 0.146
89 4 8.200000 6 26 0.315
89 5 3.800000 9 26 0.146
89 6 5.800000 7 26 0.223
89 7 6.200000 8 26 0.238
89 8 4.800000 8 26 0.185
89 9 7.200000 7 26 0.277
89 10 4.800000 8 26 0.185
90 1 13.000000 8 88 0.148
90 2 12.000000 6 88 0.136
90 3 12.000000 9 88 0.136
90 4 13.000000 5 88 0.148
90 5 12.000000 9 88 0.136
90 6 14.000000 7 88 0.159
90 7 11.000000 7 88 0.125
90 8 13.000000 8 88 0.148
90 9 12.000000 6 88 0.136
90 10 13.000000 8 88 0.148
91 1 28.700000 8 178 0.161
91 2 20.300000 8 178 0.114
91 3 27.700000 9 178 0.156
91 4 21.300000 7 178 0.120
91 5 27.700000 9 178 0.156
91 6 29.700000 7 178 0.167
91 7 19.300000 9 178 0.108
91 8 28.700000 8 178 0.161
91 9 20.300000 8 178 0.114
91 10 28.700000 8 178 0.161
92 1 66.500000 25 263 0.253
92 2 33.600000 24 263 0.128
92 3 65.500000 26 263 0.249
92 4 34.600000 23 263 0.132
92 5 65.500000 26 263 0.249
92 6 67.500000 24 263 0.257
92 7 32.600000 25 263 0.124
92 8 66.500000 25 263 0.253
92 9 33.600000 24 263 0.128
92 10 66.500000 25 263 0.253
93 1 28.800000 11 236 0.122
93 2 47.700000 8 236 0.202
93 3 27.800000 12 236 0.118
93 4 48.700000 7 236 0.206
93 5 27.800000 12 236 0.118
93 6 29.800000 10 236 0.126
93 7 46.700000 9 236 0.198
93 8 28.800000 11 236 0.122
93 9 47.700000 8 236 0.202
93 10 28.800000 11 236 0.122
94 1 13.200000 7 74 0.178
94 2 12.100000 6 74 0.164
94 3 12.200000 8 74 0.165
94 4 13.100000 5 74 0.177
94 5 12.200000 8 74 0.165
94 6 14.200000 6 74 0.192
94 7 11.100000 7 74 0.150
94 8 13.200000 7 74 0.178
94 9 12.100000 6 74 0.164
94 10 13.200000 7 74 0.178
95 1 19.200000 12 47 0.409
95 2 35.200000 12 47 0.749
95 3 18.200000 13 47 0.387
95 4 36.200000 11 47 0.770
95 5 18.200000 13 47 0.387
95 6 20.200000 11 47 0.430
95 7 34.200000 13 47 0.728
95 8 19.200000 12 47 0.409
95 9 35.200000 12 47 0.749
95 10 19.200000 12 47 0.409
96 1 52.700000 9 31 1.700
96 2 39.100000 6 31 1.261
96 3 51.700000 10 31 1.668
96 4 40.100000 5 31 1.294
96 5 51.700000 10 31 1.668
96 6 53.700000 8 31 1.732
96 7 38.100000 7 31 1.229
96 8 52.700000 9 31 1.700
96 9 39.100000 6 31 1.261
96 10 52.700000 9 31 1.700
97 1 37.800000 15 31 1.219
97 2 14.400000 15 31 0.465
97 3 36.800000 16 31 1.187
97 4 15.400000 14 31 0.497
97 5 36.800000 16 31 1.187
97 6 38.800000 14 31 1.252
97 7 13.400000 16 31 0.432
97 8 37.800000 15 31 1.219
97 9 14.400000 15 31 0.465
97 10 37.800000 15 31 1.219
98 1 58.500000 9 49 1.194
98 2 42.000000 10 49 0.857
98 3 57.500000 10 49 1.173
98 4 43.000000 9 49 0.878
98 5 57.500000 10 49 1.173
98 6 59.500000 8 49 1.214
98 7 41.000000 11 49 0.837
98 8 58.500000 9 49 1.194
98 9 42.000000 10 49 0.857
98 10 58.500000 9 49 1.194
99 1 58.000000 6 139 0.417
99 2 50.000000 8 139 0.360
99 3 57.000000 7 139 0.410
99 4 51.000000 7 139 0.367
99 5 57.000000 7 139 0.410
99 6 59.000000 5 139 0.424
99 7 49.000000 9 139 0.353
99 8 58.000000 6 139 0.417
99 9 50.000000 8 139 0.360
99 10 58.000000 6 139 0.417
100 1 54.400000 9 42 1.295
100 2 42.500000 9 42 1.012
100 3 53.400000 10 42 1.271
100 4 43.500000 8 42 1.036
100 5 53.400000 10 42 1.271
100 6 55.400000 8 42 1.319
100 7 41.500000 10 42 0.988
100 8 54.400000 9 42 1.295
100 9 42.500000 9 42 1.012
100 10 54.400000 9 42 1.295
