100
15
50
50
50
50
50
50
50
50
50
50
50
50
50
50
50
1 1 44.100000 26 259 0.170
1 2 67.500000 27 259 0.261
1 3 43.100000 27 259 0.166
1 4 68.500000 26 259 0.264
1 5 43.100000 27 259 0.166
1 6 45.100000 25 259 0.174
1 7 66.500000 28 259 0.257
1 8 44.100000 26 259 0.170
1 9 67.500000 27 259 0.261
1 10 44.100000 26 259 0.170
1 11 43.100000 27 259 0.166
1 12 68.500000 26 259 0.264
1 13 42.100000 28 259 0.163
1 14 69.500000 25 259 0.268
1 15 42.100000 28 259 0.163
2 1 22.000000 8 44 0.500
2 2 28.000000 8 44 0.636
2 3 21.000000 9 44 0.477
2 4 29.000000 7 44 0.659
2 5 21.000000 9 44 0.477
2 6 23.000000 7 44 0.523
2 7 27.000000 9 44 0.614
2 8 22.000000 8 44 0.500
2 9 28.000000 8 44 0.636
2 10 22.000000 8 44 0.500
2 11 21.000000 9 44 0.477
2 12 29.000000 7 44 0.659
2 13 20.000000 10 44 0.455
2 14 30.000000 6 44 0.682
2 15 20.000000 10 44 0.455
3 1 39.000000 11 120 0.325
3 2 58.500000 13 120 0.487
3 3 38.000000 12 120 0.317
3 4 59.500000 12 120 0.496
3 5 38.000000 12 120 0.317
3 6 40.000000 10 120 0.333
3 7 57.500000 14 120 0.479
3 8 39.000000 11 120 0.325
3 9 58.500000 13 120 0.487
3 10 39.000000 11 120 0.325
3 11 38.000000 12 120 0.317
3 12 59.500000 12 120 0.496
3 13 37.000000 13 120 0.308
3 14 60.500000 11 120 0.504
3 15 37.000000 13 120 0.308
4 1 14.400000 9 24 0.600
4 2 23.400000 10 24 0.975
4 3 13.400000 10 24 0.558
4 4 24.400000 9 24 1.017
4 5 13.400000 10 24 0.558
4 6 15.400000 8 24 0.642
4 7 22.400000 11 24 0.933
4 8 14.400000 9 24 0.600
4 9 23.400000 10 24 0.975
4 10 14.400000 9 24 0.600
4 11 13.400000 10 24 0.558
4 12 24.400000 9 24 1.017
4 13 12.400000 11 24 0.517
4 14 25.400000 8 24 1.058
4 15 12.400000 11 24 0.517
5 1 30.400000 6 76 0.400
5 2 30.400000 5 76 0.400
5 3 29.400000 7 76 0.387
5 4 31.400000 4 76 0.413
5 5 29.400000 7 76 0.387
5 6 31.400000 5 76 0.413
5 7 29.400000 6 76 0.387
5 8 30.400000 6 76 0.400
5 9 30.400000 5 76 0.400
5 10 30.400000 6 76 0.400
5 11 29.400000 7 76 0.387
5 12 31.400000 4 76 0.413
5 13 28.400000 8 76 0.374
5 14 32.400000 3 76 0.426
5 15 28.400000 8 76 0.374
6 1 113.600000 12 215 0.528
6 2 110.400000 14 215 0.513
6 3 112.600000 13 215 0.524
6 4 111.400000 13 215 0.518
6 5 112.600000 13 215 0.524
6 6 114.600000 11 215 0.533
6 7 109.400000 15 215 0.509
6 8 113.600000 12 215 0.528
6 9 110.400000 14 215 0.513
6 10 113.600000 12 215 0.528
6 11 112.600000 13 215 0.524
6 12 111.400000 13 215 0.518
6 13 111.600000 14 215 0.519
6 14 112.400000 12 215 0.523
6 15 111.600000 14 215 0.519
7 1 15.200000 8 29 0.524
7 2 11.400000 6 29 0.393
7 3 14.200000 9 29 0.490
7 4 12.400000 5 29 0.428
7 5 14.200000 9 29 0.490
7 6 16.200000 7 29 0.559
7 7 10.400000 7 29 0.359
7 8 15.200000 8 29 0.524
7 9 11.400000 6 29 0.393
7 10 15.200000 8 29 0.524
7 11 14.200000 9 29 0.490
7 12 12.400000 5 29 0.428
7 13 13.200000 10 29 0.455
7 14 13.400000 4 29 0.462
7 15 13.200000 10 29 0.455
8 1 21.000000 11 60 0.350
8 2 19.600000 10 60 0.327
8 3 20.000000 12 60 0.333
8 4 20.600000 9 60 0.343
8 5 20.000000 12 60 0.333
8 6 22.000000 10 60 0.367
8 7 18.600000 11 60 0.310
8 8 21.000000 11 60 0.350
8 9 19.600000 10 60 0.327
8 10 21.000000 11 60 0.350
8 11 20.000000 12 60 0.333
8 12 20.600000 9 60 0.343
8 13 19.000000 13 60 0.317
8 14 21.600000 8 60 0.360
8 15 19.000000 13 60 0.317
9 1 49.500000 16 39 1.269
9 2 16.500000 14 39 0.423
9 3 48.500000 17 39 1.244
9 4 17.500000 13 39 0.449
9 5 48.500000 17 39 1.244
9 6 50.500000 15 39 1.295
9 7 15.500000 15 39 0.397
9 8 49.500000 16 39 1.269
9 9 16.500000 14 39 0.423
9 10 49.500000 16 39 1.269
9 11 48.500000 17 39 1.244
9 12 17.500000 13 39 0.449
9 13 47.500000 18 39 1.218
9 14 18.500000 12 39 0.474
9 15 47.500000 18 39 1.218
10 1 54.600000 15 267 0.204
10 2 60.200000 14 267 0.225
10 3 53.600000 16 267 0.201
10 4 61.200000 13 267 0.229
10 5 53.600000 16 267 0.201
10 6 55.600000 14 267 0.208
10 7 59.200000 15 267 0.222
10 8 54.600000 15 267 0.204
10 9 60.200000 14 267 0.225
10 10 54.600000 15 267 0.204
10 11 53.600000 16 267 0.201
10 12 61.200000 13 267 0.229
10 13 52.600000 17 267 0.197
10 14 62.200000 12 267 0.233
10 15 52.600000 17 267 0.197
11 1 13.600000 9 35 0.389
11 2 8.800000 6 35 0.251
11 3 12.600000 10 35 0.360
11 4 9.800000 5 35 0.280
11 5 12.600000 10 35 0.360
11 6 14.600000 8 35 0.417
11 7 7.800000 7 35 0.223
11 8 13.600000 9 35 0.389
11 9 8.800000 6 35 0.251
11 10 13.600000 9 35 0.389
11 11 12.600000 10 35 0.360
11 12 9.800000 5 35 0.280
11 13 11.600000 11 35 0.331
11 14 10.800000 4 35 0.309
11 15 11.600000 11 35 0.331
12 1 16.000000 8 88 0.182
12 2 26.500000 11 88 0.301
12 3 15.000000 9 88 0.170
12 4 27.500000 10 88 0.312
12 5 15.000000 9 88 0.170
12 6 17.000000 7 88 0.193
12 7 25.500000 12 88 0.290
12 8 16.000000 8 88 0.182
12 9 26.500000 11 88 0.301
12 10 16.000000 8 88 0.182
12 11 15.000000 9 88 0.170
12 12 27.500000 10 88 0.312
12 13 14.000000 10 88 0.159
12 14 28.500000 9 88 0.324
12 15 14.000000 10 88 0.159
13 1 24.300000 7 73 0.333
13 2 20.700000 10 73 0.284
13 3 23.300000 8 73 0.319
13 4 21.700000 9 73 0.297
13 5 23.300000 8 73 0.319
13 6 25.300000 6 73 0.347
13 7 19.700000 11 73 0.270
13 8 24.300000 7 73 0.333
13 9 20.700000 10 73 0.284
13 10 24.300000 7 73 0.333
13 11 23.300000 8 73 0.319
13 12 21.700000 9 73 0.297
13 13 22.300000 9 73 0.305
13 14 22.700000 8 73 0.311
13 15 22.300000 9 73 0.305
14 1 14.400000 7 80 0.180
14 2 19.200000 6 80 0.240
14 3 13.400000 8 80 0.168
14 4 20.200000 5 80 0.253
14 5 13.400000 8 80 0.168
14 6 15.400000 6 80 0.193
14 7 18.200000 7 80 0.227
14 8 14.400000 7 80 0.180
14 9 19.200000 6 80 0.240
14 10 14.400000 7 80 0.180
14 11 13.400000 8 80 0.168
14 12 20.200000 5 80 0.253
14 13 12.400000 9 80 0.155
14 14 21.200000 4 80 0.265
14 15 12.400000 9 80 0.155
15 1 7.700000 9 45 0.171
15 2 20.300000 7 45 0.451
15 3 6.700000 10 45 0.149
15 4 21.300000 6 45 0.473
15 5 6.700000 10 45 0.149
15 6 8.700000 8 45 0.193
15 7 19.300000 8 45 0.429
15 8 7.700000 9 45 0.171
15 9 20.300000 7 45 0.451
15 10 7.700000 9 45 0.171
15 11 6.700000 10 45 0.149
15 12 21.300000 6 45 0.473
15 13 5.700000 11 45 0.127
15 14 22.300000 5 45 0.496
15 15 5.700000 11 45 0.127
16 1 51.700000 10 75 0.689
16 2 14.300000 8 75 0.191
16 3 50.700000 11 75 0.676
16 4 15.300000 7 75 0.204
16 5 50.700000 11 75 0.676
16 6 52.700000 9 75 0.703
16 7 13.300000 9 75 0.177
16 8 51.700000 10 75 0.689
16 9 14.300000 8 75 0.191
16 10 51.700000 10 75 0.689
16 11 50.700000 11 75 0.676
16 12 15.300000 7 75 0.204
16 13 49.700000 12 75 0.663
16 14 16.300000 6 75 0.217
16 15 49.700000 12 75 0.663
17 1 23.400000 9 180 0.130
17 2 30.000000 10 180 0.167
17 3 22.400000 10 180 0.124
17 4 31.000000 9 180 0.172
17 5 22.400000 10 180 0.124
17 6 24.400000 8 180 0.136
17 7 29.000000 11 180 0.161
17 8 23.400000 9 180 0.130
17 9 30.000000 10 180 0.167
17 10 23.400000 9 180 0.130
17 11 22.400000 10 180 0.124
17 12 31.000000 9 180 0.172
17 13 21.400000 11 180 0.119
17 14 32.000000 8 180 0.178
17 15 21.400000 11 180 0.119
18 1 19.800000 8 212 0.093
18 2 25.200000 9 212 0.119
18 3 18.800000 9 212 0.089
18 4 26.200000 8 212 0.124
18 5 18.800000 9 212 0.089
18 6 20.800000 7 212 0.098
18 7 24.200000 10 212 0.114
18 8 19.800000 8 212 0.093
18 9 25.200000 9 212 0.119
18 10 19.800000 8 212 0.093
18 11 18.800000 9 212 0.089
18 12 26.200000 8 212 0.124
18 13 17.800000 10 212 0.084
18 14 27.200000 7 212 0.128
18 15 17.800000 10 212 0.084
19 1 51.000000 7 148 0.345
19 2 39.000000 8 148 0.264
19 3 50.000000 8 148 0.338
19 4 40.000000 7 148 0.270
19 5 50.000000 8 148 0.338
19 6 52.000000 6 148 0.351
19 7 38.000000 9 148 0.257
19 8 51.000000 7 148 0.345
19 9 39.000000 8 148 0.264
19 10 51.000000 7 148 0.345
19 11 50.000000 8 148 0.338
19 12 40.000000 7 148 0.270
19 13 49.000000 9 148 0.331
19 14 41.000000 6 148 0.277
19 15 49.000000 9 148 0.331
20 1 18.700000 6 70 0.267
20 2 17.000000 5 70 0.243
20 3 17.700000 7 70 0.253
20 4 18.000000 4 70 0.257
20 5 17.700000 7 70 0.253
20 6 19.700000 5 70 0.281
20 7 16.000000 6 70 0.229
20 8 18.700000 6 70 0.267
20 9 17.000000 5 70 0.243
20 10 18.700000 6 70 0.267
20 11 17.700000 7 70 0.253
20 12 18.000000 4 70 0.257
20 13 16.700000 8 70 0.239
20 14 19.000000 3 70 0.271
20 15 16.700000 8 70 0.239
21 1 7.000000 6 33 0.212
21 2 15.000000 8 33 0.455
21 3 6.000000 7 33 0.182
21 4 16.000000 7 33 0.485
21 5 6.000000 7 33 0.182
21 6 8.000000 5 33 0.242
21 7 14.000000 9 33 0.424
21 8 7.000000 6 33 0.212
21 9 15.000000 8 33 0.455
21 10 7.000000 6 33 0.212
21 11 6.000000 7 33 0.182
21 12 16.000000 7 33 0.485
21 13 5.000000 8 33 0.152
21 14 17.000000 6 33 0.515
21 15 5.000000 8 33 0.152
22 1 43.400000 9 241 0.180
22 2 89.600000 10 241 0.372
22 3 42.400000 10 241 0.176
22 4 90.600000 9 241 0.376
22 5 42.400000 10 241 0.176
22 6 44.400000 8 241 0.184
22 7 88.600000 11 241 0.368
22 8 43.400000 9 241 0.180
22 9 89.600000 10 241 0.372
22 10 43.400000 9 241 0.180
22 11 42.400000 10 241 0.176
22 12 90.600000 9 241 0.376
22 13 41.400000 11 241 0.172
22 14 91.600000 8 241 0.380
22 15 41.400000 11 241 0.172
23 1 181.500000 22 210 0.864
23 2 139.500000 20 210 0.664
23 3 180.500000 23 210 0.860
23 4 140.500000 19 210 0.669
23 5 180.500000 23 210 0.860
23 6 182.500000 21 210 0.869
23 7 138.500000 21 210 0.660
23 8 181.500000 22 210 0.864
23 9 139.500000 20 210 0.664
23 10 181.500000 22 210 0.864
23 11 180.500000 23 210 0.860
23 12 140.500000 19 210 0.669
23 13 179.500000 24 210 0.855
23 14 141.500000 18 210 0.674
23 15 179.500000 24 210 0.855
24 1 19.600000 9 72 0.272
24 2 16.800000 7 72 0.233
24 3 18.600000 10 72 0.258
24 4 17.800000 6 72 0.247
24 5 18.600000 10 72 0.258
24 6 20.600000 8 72 0.286
24 7 15.800000 8 72 0.219
24 8 19.600000 9 72 0.272
24 9 16.800000 7 72 0.233
24 10 19.600000 9 72 0.272
24 11 18.600000 10 72 0.258
24 12 17.800000 6 72 0.247
24 13 17.600000 11 72 0.244
24 14 18.800000 5 72 0.261
24 15 17.600000 11 72 0.244
25 1 48.000000 13 182 0.264
25 2 60.000000 10 182 0.330
25 3 47.000000 14 182 0.258
25 4 61.000000 9 182 0.335
25 5 47.000000 14 182 0.258
25 6 49.000000 12 182 0.269
25 7 59.000000 11 182 0.324
25 8 48.000000 13 182 0.264
25 9 60.000000 10 182 0.330
25 10 48.000000 13 182 0.264
25 11 47.000000 14 182 0.258
25 12 61.000000 9 182 0.335
25 13 46.000000 15 182 0.253
25 14 62.000000 8 182 0.341
25 15 46.000000 15 182 0.253
26 1 28.800000 9 40 0.720
26 2 25.200000 8 40 0.630
26 3 27.800000 10 40 0.695
26 4 26.200000 7 40 0.655
26 5 27.800000 10 40 0.695
26 6 29.800000 8 40 0.745
26 7 24.200000 9 40 0.605
26 8 28.800000 9 40 0.720
26 9 25.200000 8 40 0.630
26 10 28.800000 9 40 0.720
26 11 27.800000 10 40 0.695
26 12 26.200000 7 40 0.655
26 13 26.800000 11 40 0.670
26 14 27.200000 6 40 0.680
26 15 26.800000 11 40 0.670
27 1 25.200000 6 27 0.933
27 2 25.200000 6 27 0.933
27 3 24.200000 7 27 0.896
27 4 26.200000 5 27 0.970
27 5 24.200000 7 27 0.896
27 6 26.200000 5 27 0.970
27 7 24.200000 7 27 0.896
27 8 25.200000 6 27 0.933
27 9 25.200000 6 27 0.933
27 10 25.200000 6 27 0.933
27 11 24.200000 7 27 0.896
27 12 26.200000 5 27 0.970
27 13 23.200000 8 27 0.859
27 14 27.200000 4 27 1.007
27 15 23.200000 8 27 0.859
28 1 27.200000 8 103 0.264
28 2 16.000000 7 103 0.155
28 3 26.200000 9 103 0.254
28 4 17.000000 6 103 0.165
28 5 26.200000 9 103 0.254
28 6 28.200000 7 103 0.274
28 7 15.000000 8 103 0.146
28 8 27.200000 8 103 0.264
28 9 16.000000 7 103 0.155
28 10 27.200000 8 103 0.264
28 11 26.200000 9 103 0.254
28 12 17.000000 6 103 0.165
28 13 25.200000 10 103 0.245
28 14 18.000000 5 103 0.175
28 15 25.200000 10 103 0.245
29 1 9.000000 6 24 0.375
29 2 25.500000 7 24 1.062
29 3 8.000000 7 24 0.333
29 4 26.500000 6 24 1.104
29 5 8.000000 7 24 0.333
29 6 10.000000 5 24 0.417
29 7 24.500000 8 24 1.021
29 8 9.000000 6 24 0.375
29 9 25.500000 7 24 1.062
29 10 9.000000 6 24 0.375
29 11 8.000000 7 24 0.333
29 12 26.500000 6 24 1.104
29 13 7.000000 8 24 0.292
29 14 27.500000 5 24 1.146
29 15 7.000000 8 24 0.292
30 1 18.900000 8 99 0.191
30 2 14.700000 5 99 0.148
30 3 17.900000 9 99 0.181
30 4 15.700000 4 99 0.159
30 5 17.900000 9 99 0.181
30 6 19.900000 7 99 0.201
30 7 13.700000 6 99 0.138
30 8 18.900000 8 99 0.191
30 9 14.700000 5 99 0.148
30 10 18.900000 8 99 0.191
30 11 17.900000 9 99 0.181
30 12 15.700000 4 99 0.159
30 13 16.900000 10 99 0.171
30 14 16.700000 3 99 0.169
30 15 16.900000 10 99 0.171
31 1 35.200000 6 27 1.304
31 2 11.200000 7 27 0.415
31 3 34.200000 7 27 1.267
31 4 12.200000 6 27 0.452
31 5 34.200000 7 27 1.267
31 6 36.200000 5 27 1.341
31 7 10.200000 8 27 0.378
31 8 35.200000 6 27 1.304
31 9 11.200000 7 27 0.415
31 10 35.200000 6 27 1.304
31 11 34.200000 7 27 1.267
31 12 12.200000 6 27 0.452
31 13 33.200000 8 27 1.230
31 14 13.200000 5 27 0.489
31 15 33.200000 8 27 1.230
32 1 18.000000 7 107 0.168
32 2 40.500000 9 107 0.379
32 3 17.000000 8 107 0.159
32 4 41.500000 8 107 0.388
32 5 17.000000 8 107 0.159
32 6 19.000000 6 107 0.178
32 7 39.500000 10 107 0.369
32 8 18.000000 7 107 0.168
32 9 40.500000 9 107 0.379
32 10 18.000000 7 107 0.168
32 11 17.000000 8 107 0.159
32 12 41.500000 8 107 0.388
32 13 16.000000 9 107 0.150
32 14 42.500000 7 107 0.397
32 15 16.000000 9 107 0.150
33 1 20.300000 8 54 0.376
33 2 7.700000 8 54 0.143
33 3 19.300000 9 54 0.357
33 4 8.700000 7 54 0.161
33 5 19.300000 9 54 0.357
33 6 21.300000 7 54 0.394
33 7 6.700000 9 54 0.124
33 8 20.300000 8 54 0.376
33 9 7.700000 8 54 0.143
33 10 20.300000 8 54 0.376
33 11 19.300000 9 54 0.357
33 12 8.700000 7 54 0.161
33 13 18.300000 10 54 0.339
33 14 9.700000 6 54 0.180
33 15 18.300000 10 54 0.339
34 1 11.000000 10 20 0.550
34 2 18.700000 7 20 0.935
34 3 10.000000 11 20 0.500
34 4 19.700000 6 20 0.985
34 5 10.000000 11 20 0.500
34 6 12.000000 9 20 0.600
34 7 17.700000 8 20 0.885
34 8 11.000000 10 20 0.550
34 9 18.700000 7 20 0.935
34 10 11.000000 10 20 0.550
34 11 10.000000 11 20 0.500
34 12 19.700000 6 20 0.985
34 13 9.000000 12 20 0.450
34 14 20.700000 5 20 1.035
34 15 9.000000 12 20 0.450
35 1 45.600000 9 39 1.169
35 2 27.600000 7 39 0.708
35 3 44.600000 10 39 1.144
35 4 28.600000 6 39 0.733
35 5 44.600000 10 39 1.144
35 6 46.600000 8 39 1.195
35 7 26.600000 8 39 0.682
35 8 45.600000 9 39 1.169
35 9 27.600000 7 39 0.708
35 10 45.600000 9 39 1.169
35 11 44.600000 10 39 1.144
35 12 28.600000 6 39 0.733
35 13 43.600000 11 39 1.118
35 14 29.600000 5 39 0.759
35 15 43.600000 11 39 1.118
36 1 13.800000 8 56 0.246
36 2 7.200000 9 56 0.129
36 3 12.800000 9 56 0.229
36 4 8.200000 8 56 0.146
36 5 12.800000 9 56 0.229
36 6 14.800000 7 56 0.264
36 7 6.200000 10 56 0.111
36 8 13.800000 8 56 0.246
36 9 7.200000 9 56 0.129
36 10 13.800000 8 56 0.246
36 11 12.800000 9 56 0.229
36 12 8.200000 8 56 0.146
36 13 11.800000 10 56 0.211
36 14 9.200000 7 56 0.164
36 15 11.800000 10 56 0.211
37 1 15.000000 8 47 0.319
37 2 28.500000 7 47 0.606
37 3 14.000000 9 47 0.298
37 4 29.500000 6 47 0.628
37 5 14.000000 9 47 0.298
37 6 16.000000 7 47 0.340
37 7 27.500000 8 47 0.585
37 8 15.000000 8 47 0.319
37 9 28.500000 7 47 0.606
37 10 15.000000 8 47 0.319
37 11 14.000000 9 47 0.298
37 12 29.500000 6 47 0.628
37 13 13.000000 10 47 0.277
37 14 30.500000 5 47 0.649
37 15 13.000000 10 47 0.277
38 1 74.000000 9 20 3.700
38 2 22.000000 11 20 1.100
38 3 73.000000 10 20 3.650
38 4 23.000000 10 20 1.150
38 5 73.000000 10 20 3.650
38 6 75.000000 8 20 3.750
38 7 21.000000 12 20 1.050
38 8 74.000000 9 20 3.700
38 9 22.000000 11 20 1.100
38 10 74.000000 9 20 3.700
38 11 73.000000 10 20 3.650
38 12 23.000000 10 20 1.150
38 13 72.000000 11 20 3.600
38 14 24.000000 9 20 1.200
38 15 72.000000 11 20 3.600
39 1 4.800000 8 26 0.185
39 2 7.200000 7 26 0.277
39 3 3.800000 9 26 0.146
39 4 8.200000 6 26 0.315
39 5 3.800000 9 26 0.146
39 6 5.800000 7 26 0.223
39 7 6.200000 8 26 0.238
39 8 4.800000 8 26 0.185
39 9 7.200000 7 26 0.277
39 10 4.800000 8 26 0.185
39 11 3.800000 9 26 0.146
39 12 8.200000 6 26 0.315
39 13 2.800000 10 26 0.108
39 14 9.200000 5 26 0.354
39 15 2.800000 10 26 0.108
40 1 13.000000 8 88 0.148
40 2 12.000000 6 88 0.136
40 3 12.000000 9 88 0.136
40 4 13.000000 5 88 0.148
40 5 12.000000 9 88 0.136
40 6 14.000000 7 88 0.159
40 7 11.000000 7 88 0.125
40 8 13.000000 8 88 0.148
40 9 12.000000 6 88 0.136
40 10 13.000000 8 88 0.148
40 11 12.000000 9 88 0.136
40 12 13.000000 5 88 0.148
40 13 11.000000 10 88 0.125
40 14 14.000000 4 88 0.159
40 15 11.000000 10 88 0.125
41 1 28.700000 8 178 0.161
41 2 20.300000 8 178 0.114
41 3 27.700000 9 178 0.156
41 4 21.300000 7 178 0.120
41 5 27.700000 9 178 0.156
41 6 29.700000 7 178 0.167
41 7 19.300000 9 178 0.108
41 8 28.700000 8 178 0.161
41 9 20.300000 8 178 0.114
41 10 28.700000 8 178 0.161
41 11 27.700000 9 178 0.156
41 12 21.300000 7 178 0.120
41 13 26.700000 10 178 0.150
41 14 22.300000 6 178 0.125
41 15 26.700000 10 178 0.150
42 1 66.500000 25 263 0.253
42 2 33.600000 24 263 0.128
42 3 65.500000 26 263 0.249
42 4 34.600000 23 263 0.132
42 5 65.500000 26 263 0.249
42 6 67.500000 24 263 0.257
42 7 32.600000 25 263 0.124
42 8 66.500000 25 263 0.253
42 9 33.600000 24 263 0.128
42 10 66.500000 25 263 0.253
42 11 65.500000 26 263 0.249
42 12 34.600000 23 263 0.132
42 13 64.500000 27 263 0.245
42 14 35.600000 22 263 0.135
42 15 64.500000 27 263 0.245
43 1 28.800000 11 236 0.122
43 2 47.700000 8 236 0.202
43 3 27.800000 12 236 0.118
43 4 48.700000 7 236 0.206
43 5 27.800000 12 236 0.118
43 6 29.800000 10 236 0.126
43 7 46.700000 9 236 0.198
43 8 28.800000 11 236 0.122
43 9 47.700000 8 236 0.202
43 10 28.800000 11 236 0.122
43 11 27.800000 12 236 0.118
43 12 48.700000 7 236 0.206
43 13 26.800000 13 236 0.114
43 14 49.700000 6 236 0.211
43 15 26.800000 13 236 0.114
44 1 13.200000 7 74 0.178
44 2 12.100000 6 74 0.164
44 3 12.200000 8 74 0.165
44 4 13.100000 5 74 0.177
44 5 12.200000 8 74 0.165
44 6 14.200000 6 74 0.192
44 7 11.100000 7 74 0.150
44 8 13.200000 7 74 0.178
44 9 12.100000 6 74 0.164
44 10 13.200000 7 74 0.178
44 11 12.200000 8 74 0.165
44 12 13.100000 5 74 0.177
44 13 11.200000 9 74 0.151
44 14 14.100000 4 74 0.191
44 15 11.200000 9 74 0.151
45 1 19.200000 12 47 0.409
45 2 35.200000 12 47 0.749
45 3 18.200000 13 47 0.387
45 4 36.200000 11 47 0.770
45 5 18.200000 13 47 0.387
45 6 20.200000 11 47 0.430
45 7 34.200000 13 47 0.728
45 8 19.200000 12 47 0.409
45 9 35.200000 12 47 0.749
45 10 19.200000 12 47 0.409
45 11 18.200000 13 47 0.387
45 12 36.200000 11 47 0.770
45 13 17.200000 14 47 0.366
45 14 37.200000 10 47 0.791
45 15 17.200000 14 47 0.366
46 1 52.700000 9 31 1.700
46 2 39.100000 6 31 1.261
46 3 51.700000 10 31 1.668
46 4 40.100000 5 31 1.294
46 5 51.700000 10 31 1.668
46 6 53.700000 8 31 1.732
46 7 38.100000 7 31 1.229
46 8 52.700000 9 31 1.700
46 9 39.100000 6 31 1.261
46 10 52.700000 9 31 1.700
46 11 51.700000 10 31 1.668
46 12 40.100000 5 31 1.294
46 13 50.700000 11 31 1.635
46 14 41.100000 4 31 1.326
46 15 50.700000 11 31 1.635
47 1 37.800000 15 31 1.219
47 2 14.400000 15 31 0.465
47 3 36.800000 16 31 1.187
47 4 15.400000 14 31 0.497
47 5 36.800000 16 31 1.187
47 6 38.800000 14 31 1.252
47 7 13.400000 16 31 0.432
47 8 37.800000 15 31 1.219
47 9 14.400000 15 31 0.465
47 10 37.800000 15 31 1.219
47 11 36.800000 16 31 1.187
47 12 15.400000 14 31 0.497
47 13 35.800000 17 31 1.155
47 14 16.400000 13 31 0.529
47 15 35.800000 17 31 1.155
48 1 58.500000 9 49 1.194
48 2 42.000000 10 49 0.857
48 3 57.500000 10 49 1.173
48 4 43.000000 9 49 0.878
48 5 57.500000 10 49 1.173
48 6 59.500000 8 49 1.214
48 7 41.000000 11 49 0.837
48 8 58.500000 9 49 1.194
48 9 42.000000 10 49 0.857
48 10 58.500000 9 49 1.194
48 11 57.500000 10 49 1.173
48 12 43.000000 9 49 0.878
48 13 56.500000 11 49 1.153
48 14 44.000000 8 49 0.898
48 15 56.500000 11 49 1.153
49 1 58.000000 6 139 0.417
49 2 50.000000 8 139 0.360
49 3 57.000000 7 139 0.410
49 4 51.000000 7 139 0.367
49 5 57.000000 7 139 0.410
49 6 59.000000 5 139 0.424
49 7 49.000000 9 139 0.353
49 8 58.000000 6 139 0.417
49 9 50.000000 8 139 0.360
49 10 58.000000 6 139 0.417
49 11 57.000000 7 139 0.410
49 12 51.000000 7 139 0.367
49 13 56.000000 8 139 0.403
49 14 52.000000 6 139 0.374
49 15 56.000000 8 139 0.403
50 1 54.400000 9 42 1.295
50 2 42.500000 9 42 1.012
50 3 53.400000 10 42 1.271
50 4 43.500000 8 42 1.036
50 5 53.400000 10 42 1.271
50 6 55.400000 8 42 1.319
50 7 41.500000 10 42 0.988
50 8 54.400000 9 42 1.295
50 9 42.500000 9 42 1.012
50 10 54.400000 9 42 1.295
50 11 53.400000 10 42 1.271
50 12 43.500000 8 42 1.036
50 13 52.400000 11 42 1.248
50 14 44.500000 7 42 1.060
50 15 52.400000 11 42 1.248
51 1 44.100000 26 259 0.170
51 2 67.500000 27 259 0.261
51 3 43.100000 27 259 0.166
51 4 68.500000 26 259 0.264
51 5 43.100000 27 259 0.166
51 6 45.100000 25 259 0.174
51 7 66.500000 28 259 0.257
51 8 44.100000 26 259 0.170
51 9 67.500000 27 259 0.261
51 10 44.100000 26 259 0.170
51 11 43.100000 27 259 0.166
51 12 68.500000 26 259 0.264
51 13 42.100000 28 259 0.163
51 14 69.500000 25 259 0.268
51 15 42.100000 28 259 0.163
52 1 22.000000 8 44 0.500
52 2 28.000000 8 44 0.636
52 3 21.000000 9 44 0.477
52 4 29.000000 7 44 0.659
52 5 21.000000 9 44 0.477
52 6 23.000000 7 44 0.523
52 7 27.000000 9 44 0.614
52 8 22.000000 8 44 0.500
52 9 28.000000 8 44 0.636
52 10 22.000000 8 44 0.500
52 11 21.000000 9 44 0.477
52 12 29.000000 7 44 0.659
52 13 20.000000 10 44 0.455
52 14 30.000000 6 44 0.682
52 15 20.000000 10 44 0.455
53 1 39.000000 11 120 0.325
53 2 58.500000 13 120 0.487
53 3 38.000000 12 120 0.317
53 4 59.500000 12 120 0.496
53 5 38.000000 12 120 0.317
53 6 40.000000 10 120 0.333
53 7 57.500000 14 120 0.479
53 8 39.000000 11 120 0.325
53 9 58.500000 13 120 0.487
53 10 39.000000 11 120 0.325
53 11 38.000000 12 120 0.317
53 12 59.500000 12 120 0.496
53 13 37.000000 13 120 0.308
53 14 60.500000 11 120 0.504
53 15 37.000000 13 120 0.308
54 1 14.400000 9 24 0.600
54 2 23.400000 10 24 0.975
54 3 13.400000 10 24 0.558
54 4 24.400000 9 24 1.017
54 5 13.400000 10 24 0.558
54 6 15.400000 8 24 0.642
54 7 22.400000 11 24 0.933
54 8 14.400000 9 24 0.600
54 9 23.400000 10 24 0.975
54 10 14.400000 9 24 0.600
54 11 13.400000 10 24 0.558
54 12 24.400000 9 24 1.017
54 13 12.400000 11 24 0.517
54 14 25.400000 8 24 1.058
54 15 12.400000 11 24 0.517
55 1 30.400000 6 76 0.400
55 2 30.400000 5 76 0.400
55 3 29.400000 7 76 0.387
55 4 31.400000 4 76 0.413
55 5 29.400000 7 76 0.387
55 6 31.400000 5 76 0.413
55 7 29.400000 6 76 0.387
55 8 30.400000 6 76 0.400
55 9 30.400000 5 76 0.400
55 10 30.400000 6 76 0.400
55 11 29.400000 7 76 0.387
55 12 31.400000 4 76 0.413
55 13 28.400000 8 76 0.374
55 14 32.400000 3 76 0.426
55 15 28.400000 8 76 0.374
56 1 113.600000 12 215 0.528
56 2 110.400000 14 215 0.513
56 3 112.600000 13 215 0.524
56 4 111.400000 13 215 0.518
56 5 112.600000 13 215 0.524
56 6 114.600000 11 215 0.533
56 7 109.400000 15 215 0.509
56 8 113.600000 12 215 0.528
56 9 110.400000 14 215 0.513
56 10 113.600000 12 215 0.528
56 11 112.600000 13 215 0.524
56 12 111.400000 13 215 0.518
56 13 111.600000 14 215 0.519
56 14 112.400000 12 215 0.523
56 15 111.600000 14 215 0.519
57 1 15.200000 8 29 0.524
57 2 11.400000 6 29 0.393
57 3 14.200000 9 29 0.490
57 4 12.400000 5 29 0.428
57 5 14.200000 9 29 0.490
57 6 16.200000 7 29 0.559
57 7 10.400000 7 29 0.359
57 8 15.200000 8 29 0.524
57 9 11.400000 6 29 0.393
57 10 15.200000 8 29 0.524
57 11 14.200000 9 29 0.490
57 12 12.400000 5 29 0.428
57 13 13.200000 10 29 0.455
57 14 13.400000 4 29 0.462
57 15 13.200000 10 29 0.455
58 1 21.000000 11 60 0.350
58 2 19.600000 10 60 0.327
58 3 20.000000 12 60 0.333
58 4 20.600000 9 60 0.343
58 5 20.000000 12 60 0.333
58 6 22.000000 10 60 0.367
58 7 18.600000 11 60 0.310
58 8 21.000000 11 60 0.350
58 9 19.600000 10 60 0.327
58 10 21.000000 11 60 0.350
58 11 20.000000 12 60 0.333
58 12 20.600000 9 60 0.343
58 13 19.000000 13 60 0.317
58 14 21.600000 8 60 0.360
58 15 19.000000 13 60 0.317
59 1 49.500000 16 39 1.269
59 2 16.500000 14 39 0.423
59 3 48.500000 17 39 1.244
59 4 17.500000 13 39 0.449
59 5 48.500000 17 39 1.244
59 6 50.500000 15 39 1.295
59 7 15.500000 15 39 0.397
59 8 49.500000 16 39 1.269
59 9 16.500000 14 39 0.423
59 10 49.500000 16 39 1.269
59 11 48.500000 17 39 1.244
59 12 17.500000 13 39 0.449
59 13 47.500000 18 39 1.218
59 14 18.500000 12 39 0.474
59 15 47.500000 18 39 1.218
60 1 54.600000 15 267 0.204
60 2 60.200000 14 267 0.225
60 3 53.600000 16 267 0.201
60 4 61.200000 13 267 0.229
60 5 53.600000 16 267 0.201
60 6 55.600000 14 267 0.208
60 7 59.200000 15 267 0.222
60 8 54.600000 15 267 0.204
60 9 60.200000 14 267 0.225
60 10 54.600000 15 267 0.204
60 11 53.600000 16 267 0.201
60 12 61.200000 13 267 0.229
60 13 52.600000 17 267 0.197
60 14 62.200000 12 267 0.233
60 15 52.600000 17 267 0.197
61 1 13.600000 9 35 0.389
61 2 8.800000 6 35 0.251
61 3 12.600000 10 35 0.360
61 4 9.800000 5 35 0.280
61 5 12.600000 10 35 0.360
61 6 14.600000 8 35 0.417
61 7 7.800000 7 35 0.223
61 8 13.600000 9 35 0.389
61 9 8.800000 6 35 0.251
61 10 13.600000 9 35 0.389
61 11 12.600000 10 35 0.360
61 12 9.800000 5 35 0.280
61 13 11.600000 11 35 0.331
61 14 10.800000 4 35 0.309
61 15 11.600000 11 35 0.331
62 1 16.000000 8 88 0.182
62 2 26.500000 11 88 0.301
62 3 15.000000 9 88 0.170
62 4 27.500000 10 88 0.312
62 5 15.000000 9 88 0.170
62 6 17.000000 7 88 0.193
62 7 25.500000 12 88 0.290
62 8 16.000000 8 88 0.182
62 9 26.500000 11 88 0.301
62 10 16.000000 8 88 0.182
62 11 15.000000 9 88 0.170
62 12 27.500000 10 88 0.312
62 13 14.000000 10 88 0.159
62 14 28.500000 9 88 0.324
62 15 14.000000 10 88 0.159
63 1 24.300000 7 73 0.333
63 2 20.700000 10 73 0.284
63 3 23.300000 8 73 0.319
63 4 21.700000 9 73 0.297
63 5 23.300000 8 73 0.319
63 6 25.300000 6 73 0.347
63 7 19.700000 11 73 0.270
63 8 24.300000 7 73 0.333
63 9 20.700000 10 73 0.284
63 10 24.300000 7 73 0.333
63 11 23.300000 8 73 0.319
63 12 21.700000 9 73 0.297
63 13 22.300000 9 73 0.305
63 14 22.700000 8 73 0.311
63 15 22.300000 9 73 0.305
64 1 14.400000 7 80 0.180
64 2 19.200000 6 80 0.240
64 3 13.400000 8 80 0.168
64 4 20.200000 5 80 0.253
64 5 13.400000 8 80 0.168
64 6 15.400000 6 80 0.193
64 7 18.200000 7 80 0.227
64 8 14.400000 7 80 0.180
64 9 19.200000 6 80 0.240
64 10 14.400000 7 80 0.180
64 11 13.400000 8 80 0.168
64 12 20.200000 5 80 0.253
64 13 12.400000 9 80 0.155
64 14 21.200000 4 80 0.265
64 15 12.400000 9 80 0.155
65 1 7.700000 9 45 0.171
65 2 20.300000 7 45 0.451
65 3 6.700000 10 45 0.149
65 4 21.300000 6 45 0.473
65 5 6.700000 10 45 0.149
65 6 8.700000 8 45 0.193
65 7 19.300000 8 45 0.429
65 8 7.700000 9 45 0.171
65 9 20.300000 7 45 0.451
65 10 7.700000 9 45 0.171
65 11 6.700000 10 45 0.149
65 12 21.300000 6 45 0.473
65 13 5.700000 11 45 0.127
65 14 22.300000 5 45 0.496
65 15 5.700000 11 45 0.127
66 1 51.700000 10 75 0.689
66 2 14.300000 8 75 0.191
66 3 50.700000 11 75 0.676
66 4 15.300000 7 75 0.204
66 5 50.700000 11 75 0.676
66 6 52.700000 9 75 0.703
66 7 13.300000 9 75 0.177
66 8 51.700000 10 75 0.689
66 9 14.300000 8 75 0.191
66 10 51.700000 10 75 0.689
66 11 50.700000 11 75 0.676
66 12 15.300000 7 75 0.204
66 13 49.700000 12 75 0.663
66 14 16.300000 6 75 0.217
66 15 49.700000 12 75 0.663
67 1 23.400000 9 180 0.130
67 2 30.000000 10 180 0.167
67 3 22.400000 10 180 0.124
67 4 31.000000 9 180 0.172
67 5 22.400000 10 180 0.124
67 6 24.400000 8 180 0.136
67 7 29.000000 11 180 0.161
67 8 23.400000 9 180 0.130
67 9 30.000000 10 180 0.167
67 10 23.400000 9 180 0.130
67 11 22.400000 10 180 0.124
67 12 31.000000 9 180 0.172
67 13 21.400000 11 180 0.119
67 14 32.000000 8 180 0.178
67 15 21.400000 11 180 0.119
68 1 19.800000 8 212 0.093
68 2 25.200000 9 212 0.119
68 3 18.800000 9 212 0.089
68 4 26.200000 8 212 0.124
68 5 18.800000 9 212 0.089
68 6 20.800000 7 212 0.098
68 7 24.200000 10 212 0.114
68 8 19.800000 8 212 0.093
68 9 25.200000 9 212 0.119
68 10 19.800000 8 212 0.093
68 11 18.800000 9 212 0.089
68 12 26.200000 8 212 0.124
68 13 17.800000 10 212 0.084
68 14 27.200000 7 212 0.128
68 15 17.800000 10 212 0.084
69 1 51.000000 7 148 0.345
69 2 39.000000 8 148 0.264
69 3 50.000000 8 148 0.338
69 4 40.000000 7 148 0.270
69 5 50.000000 8 148 0.338
69 6 52.000000 6 148 0.351
69 7 38.000000 9 148 0.257
69 8 51.000000 7 148 0.345
69 9 39.000000 8 148 0.264
69 10 51.000000 7 148 0.345
69 11 50.000000 8 148 0.338
69 12 40.000000 7 148 0.270
69 13 49.000000 9 148 0.331
69 14 41.000000 6 148 0.277
69 15 49.000000 9 148 0.331
70 1 18.700000 6 70 0.267
70 2 17.000000 5 70 0.243
70 3 17.700000 7 70 0.253
70 4 18.000000 4 70 0.257
70 5 17.700000 7 70 0.253
70 6 19.700000 5 70 0.281
70 7 16.000000 6 70 0.229
70 8 18.700000 6 70 0.267
70 9 17.000000 5 70 0.243
70 10 18.700000 6 70 0.267
70 11 17.700000 7 70 0.253
70 12 18.000000 4 70 0.257
70 13 16.700000 8 70 0.239
70 14 19.000000 3 70 0.271
70 15 16.700000 8 70 0.239
71 1 7.000000 6 33 0.212
71 2 15.000000 8 33 0.455
71 3 6.000000 7 33 0.182
71 4 16.000000 7 33 0.485
71 5 6.000000 7 33 0.182
71 6 8.000000 5 33 0.242
71 7 14.000000 9 33 0.424
71 8 7.000000 6 33 0.212
71 9 15.000000 8 33 0.455
71 10 7.000000 6 33 0.212
71 11 6.000000 7 33 0.182
71 12 16.000000 7 33 0.485
71 13 5.000000 8 33 0.152
71 14 17.000000 6 33 0.515
71 15 5.000000 8 33 0.152
72 1 43.400000 9 241 0.180
72 2 89.600000 10 241 0.372
72 3 42.400000 10 241 0.176
72 4 90.600000 9 241 0.376
72 5 42.400000 10 241 0.176
72 6 44.400000 8 241 0.184
72 7 88.600000 11 241 0.368
72 8 43.400000 9 241 0.180
72 9 89.600000 10 241 0.372
72 10 43.400000 9 241 0.180
72 11 42.400000 10 241 0.176
72 12 90.600000 9 241 0.376
72 13 41.400000 11 241 0.172
72 14 91.600000 8 241 0.380
72 15 41.400000 11 241 0.172
73 1 181.500000 22 210 0.864
73 2 139.500000 20 210 0.664
73 3 180.500000 23 210 0.860
73 4 140.500000 19 210 0.669
73 5 180.500000 23 210 0.860
73 6 182.500000 21 210 0.869
73 7 138.500000 21 210 0.660
73 8 181.500000 22 210 0.864
73 9 139.500000 20 210 0.664
73 10 181.500000 22 210 0.864
73 11 180.500000 23 210 0.860
73 12 140.500000 19 210 0.669
73 13 179.500000 24 210 0.855
73 14 141.500000 18 210 0.674
73 15 179.500000 24 210 0.855
74 1 19.600000 9 72 0.272
74 2 16.800000 7 72 0.233
74 3 18.600000 10 72 0.258
74 4 17.800000 6 72 0.247
74 5 18.600000 10 72 0.258
74 6 20.600000 8 72 0.286
74 7 15.800000 8 72 0.219
74 8 19.600000 9 72 0.272
74 9 16.800000 7 72 0.233
74 10 19.600000 9 72 0.272
74 11 18.600000 10 72 0.258
74 12 17.800000 6 72 0.247
74 13 17.600000 11 72 0.244
74 14 18.800000 5 72 0.261
74 15 17.600000 11 72 0.244
75 1 48.000000 13 182 0.264
75 2 60.000000 10 182 0.330
75 3 47.000000 14 182 0.258
75 4 61.000000 9 182 0.335
75 5 47.000000 14 182 0.258
75 6 49.000000 12 182 0.269
75 7 59.000000 11 182 0.324
75 8 48.000000 13 182 0.264
75 9 60.000000 10 182 0.330
75 10 48.000000 13 182 0.264
75 11 47.000000 14 182 0.258
75 12 61.000000 9 182 0.335
75 13 46.000000 15 182 0.253
75 14 62.000000 8 182 0.341
75 15 46.000000 15 182 0.253
76 1 28.800000 9 40 0.720
76 2 25.200000 8 40 0.630
76 3 27.800000 10 40 0.695
76 4 26.200000 7 40 0.655
76 5 27.800000 10 40 0.695
76 6 29.800000 8 40 0.745
76 7 24.200000 9 40 0.605
76 8 28.800000 9 40 0.720
76 9 25.200000 8 40 0.630
76 10 28.800000 9 40 0.720
76 11 27.800000 10 40 0.695
76 12 26.200000 7 40 0.655
76 13 26.800000 11 40 0.670
76 14 27.200000 6 40 0.680
76 15 26.800000 11 40 0.670
77 1 25.200000 6 27 0.933
77 2 25.200000 6 27 0.933
77 3 24.200000 7 27 0.896
77 4 26.200000 5 27 0.970
77 5 24.200000 7 27 0.896
77 6 26.200000 5 27 0.970
77 7 24.200000 7 27 0.896
77 8 25.200000 6 27 0.933
77 9 25.200000 6 27 0.933
77 10 25.200000 6 27 0.933
77 11 24.200000 7 27 0.896
77 12 26.200000 5 27 0.970
77 13 23.200000 8 27 0.859
77 14 27.200000 4 27 1.007
77 15 23.200000 8 27 0.859
78 1 27.200000 8 103 0.264
78 2 16.000000 7 103 0.155
78 3 26.200000 9 103 0.254
78 4 17.000000 6 103 0.165
78 5 26.200000 9 103 0.254
78 6 28.200000 7 103 0.274
78 7 15.000000 8 103 0.146
78 8 27.200000 8 103 0.264
78 9 16.000000 7 103 0.155
78 10 27.200000 8 103 0.264
78 11 26.200000 9 103 0.254
78 12 17.000000 6 103 0.165
78 13 25.200000 10 103 0.245
78 14 18.000000 5 103 0.175
78 15 25.200000 10 103 0.245
79 1 9.000000 6 24 0.375
79 2 25.500000 7 24 1.062
79 3 8.000000 7 24 0.333
79 4 26.500000 6 24 1.104
79 5 8.000000 7 24 0.333
79 6 10.000000 5 24 0.417
79 7 24.500000 8 24 1.021
79 8 9.000000 6 24 0.375
79 9 25.500000 7 24 1.062
79 10 9.000000 6 24 0.375
79 11 8.000000 7 24 0.333
79 12 26.500000 6 24 1.104
79 13 7.000000 8 24 0.292
79 14 27.500000 5 24 1.146
79 15 7.000000 8 24 0.292
80 1 18.900000 8 99 0.191
80 2 14.700000 5 99 0.148
80 3 17.900000 9 99 0.181
80 4 15.700000 4 99 0.159
80 5 17.900000 9 99 0.181
80 6 19.900000 7 99 0.201
80 7 13.700000 6 99 0.138
80 8 18.900000 8 99 0.191
80 9 14.700000 5 99 0.148
80 10 18.900000 8 99 0.191
80 11 17.900000 9 99 0.181
80 12 15.700000 4 99 0.159
80 13 16.900000 10 99 0.171
80 14 16.700000 3 99 0.169
80 15 16.900000 10 99 0.171
81 1 35.200000 6 27 1.304
81 2 11.200000 7 27 0.415
81 3 34.200000 7 27 1.267
81 4 12.200000 6 27 0.452
81 5 34.200000 7 27 1.267
81 6 36.200000 5 27 1.341
81 7 10.200000 8 27 0.378
81 8 35.200000 6 27 1.304
81 9 11.200000 7 27 0.415
81 10 35.200000 6 27 1.304
81 11 34.200000 7 27 1.267
81 12 12.200000 6 27 0.452
81 13 33.200000 8 27 1.230
81 14 13.200000 5 27 0.489
81 15 33.200000 8 27 1.230
82 1 18.000000 7 107 0.168
82 2 40.500000 9 107 0.379
82 3 17.000000 8 107 0.159
82 4 41.500000 8 107 0.388
82 5 17.000000 8 107 0.159
82 6 19.000000 6 107 0.178
82 7 39.500000 10 107 0.369
82 8 18.000000 7 107 0.168
82 9 40.500000 9 107 0.379
82 10 18.000000 7 107 0.168
82 11 17.000000 8 107 0.159
82 12 41.500000 8 107 0.388
82 13 16.000000 9 107 0.150
82 14 42.500000 7 107 0.397
82 15 16.000000 9 107 0.150
83 1 20.300000 8 54 0.376
83 2 7.700000 8 54 0.143
83 3 19.300000 9 54 0.357
83 4 8.700000 7 54 0.161
83 5 19.300000 9 54 0.357
83 6 21.300000 7 54 0.394
83 7 6.700000 9 54 0.124
83 8 20.300000 8 54 0.376
83 9 7.700000 8 54 0.143
83 10 20.300000 8 54 0.376
83 11 19.300000 9 54 0.357
83 12 8.700000 7 54 0.161
83 13 18.300000 10 54 0.339
83 14 9.700000 6 54 0.180
83 15 18.300000 10 54 0.339
84 1 11.000000 10 20 0.550
84 2 18.700000 7 20 0.935
84 3 10.000000 11 20 0.500
84 4 19.700000 6 20 0.985
84 5 10.000000 11 20 0.500
84 6 12.000000 9 20 0.600
84 7 17.700000 8 20 0.885
84 8 11.000000 10 20 0.550
84 9 18.700000 7 20 0.935
84 10 11.000000 10 20 0.550
84 11 10.000000 11 20 0.500
84 12 19.700000 6 20 0.985
84 13 9.000000 12 20 0.450
84 14 20.700000 5 20 1.035
84 15 9.000000 12 20 0.450
85 1 45.600000 9 39 1.169
85 2 27.600000 7 39 0.708
85 3 44.600000 10 39 1.144
85 4 28.600000 6 39 0.733
85 5 44.600000 10 39 1.144
85 6 46.600000 8 39 1.195
85 7 26.600000 8 39 0.682
85 8 45.600000 9 39 1.169
85 9 27.600000 7 39 0.708
85 10 45.600000 9 39 1.169
85 11 44.600000 10 39 1.144
85 12 28.600000 6 39 0.733
85 13 43.600000 11 39 1.118
85 14 29.600000 5 39 0.759
85 15 43.600000 11 39 1.118
86 1 13.800000 8 56 0.246
86 2 7.200000 9 56 0.129
86 3 12.800000 9 56 0.229
86 4 8.200000 8 56 0.146
86 5 12.800000 9 56 0.229
86 6 14.800000 7 56 0.264
86 7 6.200000 10 56 0.111
86 8 13.800000 8 56 0.246
86 9 7.200000 9 56 0.129
86 10 13.800000 8 56 0.246
86 11 12.800000 9 56 0.229
86 12 8.200000 8 56 0.146
86 13 11.800000 10 56 0.211
86 14 9.200000 7 56 0.164
86 15 11.800000 10 56 0.211
87 1 15.000000 8 47 0.319
87 2 28.500000 7 47 0.606
87 3 14.000000 9 47 0.298
87 4 29.500000 6 47 0.628
87 5 14.000000 9 47 0.298
87 6 16.000000 7 47 0.340
87 7 27.500000 8 47 0.585
87 8 15.000000 8 47 0.319
87 9 28.500000 7 47 0.606
87 10 15.000000 8 47 0.319
87 11 14.000000 9 47 0.298
87 12 29.500000 6 47 0.628
87 13 13.000000 10 47 0.277
87 14 30.500000 5 47 0.649
87 15 13.000000 10 47 0.277
88 1 74.000000 9 20 3.700
88 2 22.000000 11 20 1.100
88 3 73.000000 10 20 3.650
88 4 23.000000 10 20 1.150
88 5 73.000000 10 20 3.650
88 6 75.000000 8 20 3.750
88 7 21.000000 12 20 1.050
88 8 74.000000 9 20 3.700
88 9 22.000000 11 20 1.100
88 10 74.000000 9 20 3.700
88 11 73.000000 10 20 3.650
88 12 23.000000 10 20 1.150
88 13 72.000000 11 20 3.600
88 14 24.000000 9 20 1.200
88 15 72.000000 11 20 3.600
89 1 4.800000 8 26 0.185
89 2 7.200000 7 26 0.277
89 3 3.800000 9 26 0.146
89 4 8.200000 6 26 0.315
89 5 3.800000 9 26 0.146
89 6 5.800000 7 26 0.223
89 7 6.200000 8 26 0.238
89 8 4.800000 8 26 0.185
89 9 7.200000 7 26 0.277
89 10 4.800000 8 26 0.185
89 11 3.800000 9 26 0.146
89 12 8.200000 6 26 0.315
89 13 2.800000 10 26 0.108
89 14 9.200000 5 26 0.354
89 15 2.800000 10 26 0.108
90 1 13.000000 8 88 0.148
90 2 12.000000 6 88 0.136
90 3 12.000000 9 88 0.136
90 4 13.000000 5 88 0.148
90 5 12.000000 9 88 0.136
90 6 14.000000 7 88 0.159
90 7 11.000000 7 88 0.125
90 8 13.000000 8 88 0.148
90 9 12.000000 6 88 0.136
90 10 13.000000 8 88 0.148
90 11 12.000000 9 88 0.136
90 12 13.000000 5 88 0.148
90 13 11.000000 10 88 0.125
90 14 14.000000 4 88 0.159
90 15 11.000000 10 88 0.125
91 1 28.700000 8 178 0.161
91 2 20.300000 8 178 0.114
91 3 27.700000 9 178 0.156
91 4 21.300000 7 178 0.120
91 5 27.700000 9 178 0.156
91 6 29.700000 7 178 0.167
91 7 19.300000 9 178 0.108
91 8 28.700000 8 178 0.161
91 9 20.300000 8 178 0.114
91 10 28.700000 8 178 0.161
91 11 27.700000 9 178 0.156
91 12 21.300000 7 178 0.120
91 13 26.700000 10 178 0.150
91 14 22.300000 6 178 0.125
91 15 26.700000 10 178 0.150
92 1 66.500000 25 263 0.253
92 2 33.600000 24 263 0.128
92 3 65.500000 26 263 0.249
92 4 34.600000 23 263 0.132
92 5 65.500000 26 263 0.249
92 6 67.500000 24 263 0.257
92 7 32.600000 25 263 0.124
92 8 66.500000 25 263 0.253
92 9 33.600000 24 263 0.128
92 10 66.500000 25 263 0.253
92 11 65.500000 26 263 0.249
92 12 34.600000 23 263 0.132
92 13 64.500000 27 263 0.245
92 14 35.600000 22 263 0.135
92 15 64.500000 27 263 0.245
93 1 28.800000 11 236 0.122
93 2 47.700000 8 236 0.202
93 3 27.800000 12 236 0.118
93 4 48.700000 7 236 0.206
93 5 27.800000 12 236 0.118
93 6 29.800000 10 236 0.126
93 7 46.700000 9 236 0.198
93 8 28.800000 11 236 0.122
93 9 47.700000 8 236 0.202
93 10 28.800000 11 236 0.122
93 11 27.800000 12 236 0.118
93 12 48.700000 7 236 0.206
93 13 26.800000 13 236 0.114
93 14 49.700000 6 236 0.211
93 15 26.800000 13 236 0.114
94 1 13.200000 7 74 0.178
94 2 12.100000 6 74 0.164
94 3 12.200000 8 74 0.165
94 4 13.100000 5 74 0.177
94 5 12.200000 8 74 0.165
94 6 14.200000 6 74 0.192
94 7 11.100000 7 74 0.150
94 8 13.200000 7 74 0.178
94 9 12.100000 6 74 0.164
94 10 13.200000 7 74 0.178
94 11 12.200000 8 74 0.165
94 12 13.100000 5 74 0.177
94 13 11.200000 9 74 0.151
94 14 14.100000 4 74 0.191
94 15 11.200000 9 74 0.151
95 1 19.200000 12 47 0.409
95 2 35.200000 12 47 0.749
95 3 18.200000 13 47 0.387
95 4 36.200000 11 47 0.770
95 5 18.200000 13 47 0.387
95 6 20.200000 11 47 0.430
95 7 34.200000 13 47 0.728
95 8 19.200000 12 47 0.409
95 9 35.200000 12 47 0.749
95 10 19.200000 12 47 0.409
95 11 18.200000 13 47 0.387
95 12 36.200000 11 47 0.770
95 13 17.200000 14 47 0.366
95 14 37.200000 10 47 0.791
95 15 17.200000 14 47 0.366
96 1 52.700000 9 31 1.700
96 2 39.100000 6 31 1.261
96 3 51.700000 10 31 1.668
96 4 40.100000 5 31 1.294
96 5 51.700000 10 31 1.668
96 6 53.700000 8 31 1.732
96 7 38.100000 7 31 1.229
96 8 52.700000 9 31 1.700
96 9 39.100000 6 31 1.261
96 10 52.700000 9 31 1.700
96 11 51.700000 10 31 1.668
96 12 40.100000 5 31 1.294
96 13 50.700000 11 31 1.635
96 14 41.100000 4 31 1.326
96 15 50.700000 11 31 1.635
97 1 37.800000 15 31 1.219
97 2 14.400000 15 31 0.465
97 3 36.800000 16 31 1.187
97 4 15.400000 14 31 0.497
97 5 36.800000 16 31 1.187
97 6 38.800000 14 31 1.252
97 7 13.400000 16 31 0.432
97 8 37.800000 15 31 1.219
97 9 14.400000 15 31 0.465
97 10 37.800000 15 31 1.219
97 11 36.800000 16 31 1.187
97 12 15.400000 14 31 0.497
97 13 35.800000 17 31 1.155
97 14 16.400000 13 31 0.529
97 15 35.800000 17 31 1.155
98 1 58.500000 9 49 1.194
98 2 42.000000 10 49 0.857
98 3 57.500000 10 49 1.173
98 4 43.000000 9 49 0.878
98 5 57.500000 10 49 1.173
98 6 59.500000 8 49 1.214
98 7 41.000000 11 49 0.837
98 8 58.500000 9 49 1.194
98 9 42.000000 10 49 0.857
98 10 58.500000 9 49 1.194
98 11 57.500000 10 49 1.173
98 12 43.000000 9 49 0.878
98 13 56.500000 11 49 1.153
98 14 44.000000 8 49 0.898
98 15 56.500000 11 49 1.153
99 1 58.000000 6 139 0.417
99 2 50.000000 8 139 0.360
99 3 57.000000 7 139 0.410
99 4 51.000000 7 139 0.367
99 5 57.000000 7 139 0.410
99 6 59.000000 5 139 0.424
99 7 49.000000 9 139 0.353
99 8 58.000000 6 139 0.417
99 9 50.000000 8 139 0.360
99 10 58.000000 6 139 0.417
99 11 57.000000 7 139 0.410
99 12 51.000000 7 139 0.367
99 13 56.000000 8 139 0.403
99 14 52.000000 6 139 0.374
99 15 56.000000 8 139 0.403
100 1 54.400000 9 42 1.295
100 2 42.500000 9 42 1.012
100 3 53.400000 10 42 1.271
100 4 43.500000 8 42 1.036
100 5 53.400000 10 42 1.271
100 6 55.400000 8 42 1.319
100 7 41.500000 10 42 0.988
100 8 54.400000 9 42 1.295
100 9 42.500000 9 42 1.012
100 10 54.400000 9 42 1.295
100 11 53.400000 10 42 1.271
100 12 43.500000 8 42 1.036
100 13 52.400000 11 42 1.248
100 14 44.500000 7 42 1.060
100 15 52.400000 11 42 1.248
