30
2
98
98
1 1 26.4 8
1 2 12.0 8
2 1 53.6 11
2 2 53.6 11
3 1 122.0 10
3 2 62.0 10
4 1 16.8 9
4 2 32.2 8
5 1 64.6 6
5 2 34.0 6
6 1 15.3 5
6 2 17.1 6
7 1 24.0 5
7 2 16.0 6
8 1 27.2 9
8 2 33.6 7
9 1 33.6 6
9 2 37.8 9
10 1 22.5 6
10 2 23.0 5
11 1 73.5 7
11 2 33.0 4
12 1 162.4 19
12 2 162.4 19
13 1 32.3 5
13 2 89.3 8
14 1 20.4 8
14 2 32.4 9
15 1 16.8 8
15 2 29.4 9
16 1 47.6 6
16 2 68.0 6
17 1 7.8 4
17 2 7.8 4
18 1 58.0 5
18 2 32.0 6
19 1 38.0 7
19 2 31.0 7
20 1 70.8 9
20 2 56.4 8
21 1 22.5 6
21 2 31.5 7
22 1 34.0 7
22 2 30.6 6
23 1 14.4 10
23 2 24.0 9
24 1 15.0 6
24 2 27.0 7
25 1 75.6 11
25 2 96.6 12
26 1 80.0 9
26 2 68.0 10
27 1 23.8 4
27 2 57.4 7
28 1 64.0 7
28 2 78.0 7
29 1 14.4 7
29 2 31.2 7
30 1 14.3 6
30 2 33.8 7
1 44
2 120
3 215
4 60
5 88
6 73
7 45
8 75
9 180
10 212
11 148
12 210
13 72
14 182
15 40
16 107
17 56
18 47
19 178
20 236
21 74
22 67
23 47
24 49
25 212
26 49
27 139
28 42
29 40
30 68
