30
2
98
98
1 1 26.4 8 44 0.600
1 2 12.0 8 44 0.273
2 1 53.6 11 120 0.447
2 2 53.6 11 120 0.447
3 1 122.0 10 215 0.567
3 2 62.0 10 215 0.288
4 1 16.8 9 60 0.280
4 2 32.2 8 60 0.537
5 1 64.6 6 88 0.734
5 2 34.0 6 88 0.386
6 1 15.3 5 73 0.210
6 2 17.1 6 73 0.234
7 1 24.0 5 45 0.533
7 2 16.0 6 45 0.356
8 1 27.2 9 75 0.363
8 2 33.6 7 75 0.448
9 1 33.6 6 180 0.187
9 2 37.8 9 180 0.210
10 1 22.5 6 212 0.106
10 2 23.0 5 212 0.108
11 1 73.5 7 148 0.497
11 2 33.0 4 148 0.223
12 1 162.4 19 210 0.773
12 2 162.4 19 210 0.773
13 1 32.3 5 72 0.449
13 2 89.3 8 72 1.240
14 1 20.4 8 182 0.112
14 2 32.4 9 182 0.178
15 1 16.8 8 40 0.420
15 2 29.4 9 40 0.735
16 1 47.6 6 107 0.445
16 2 68.0 6 107 0.636
17 1 7.8 4 56 0.139
17 2 7.8 4 56 0.139
18 1 58.0 5 47 1.234
18 2 32.0 6 47 0.681
19 1 38.0 7 178 0.213
19 2 31.0 7 178 0.174
20 1 70.8 9 236 0.300
20 2 56.4 8 236 0.239
21 1 22.5 6 74 0.304
21 2 31.5 7 74 0.426
22 1 34.0 7 67 0.507
22 2 30.6 6 67 0.457
23 1 14.4 10 47 0.306
23 2 24.0 9 47 0.511
24 1 15.0 6 49 0.306
24 2 27.0 7 49 0.551
25 1 75.6 11 212 0.357
25 2 96.6 12 212 0.456
26 1 80.0 9 49 1.633
26 2 68.0 10 49 1.388
27 1 23.8 4 139 0.171
27 2 57.4 7 139 0.413
28 1 64.0 7 42 1.524
28 2 78.0 7 42 1.857
29 1 14.4 7 40 0.360
29 2 31.2 7 40 0.780
30 1 14.3 6 68 0.210
30 2 33.8 7 68 0.497
