20
2
60
60
1 1 27.5 7
1 2 27.5 7
2 1 35.7 9
2 2 113.9 11
3 1 37.4 7
3 2 50.6 10
4 1 23.2 7
4 2 25.6 6
5 1 17.0 5
5 2 42.0 7
6 1 16.0 6
6 2 39.0 7
7 1 19.6 7
7 2 24.5 7
8 1 52.8 6
8 2 49.5 9
9 1 53.2 6
9 2 36.4 4
10 1 51.7 8
10 2 46.2 7
11 1 31.0 9
11 2 44.0 8
12 1 23.0 6
12 2 17.0 6
13 1 22.0 6
13 2 24.0 5
14 1 83.2 7
14 2 36.8 6
15 1 12.6 7
15 2 15.0 6
16 1 6.0 6
16 2 6.0 6
17 1 44.8 12
17 2 41.3 11
18 1 44.0 6
18 2 38.0 5
19 1 20.4 10
19 2 16.8 8
20 1 19.0 6
20 2 26.6 5
1 44
2 120
3 60
4 88
5 73
6 45
7 75
8 180
9 148
10 72
11 40
12 56
13 47
14 178
15 74
16 67
17 47
18 49
19 49
20 42
