20
2
60
60
1 1 27.5 7 44 0.625
1 2 27.5 7 44 0.625
2 1 35.7 9 120 0.298
2 2 113.9 11 120 0.949
3 1 37.4 7 60 0.623
3 2 50.6 10 60 0.843
4 1 23.2 7 88 0.264
4 2 25.6 6 88 0.291
5 1 17.0 5 73 0.233
5 2 42.0 7 73 0.575
6 1 16.0 6 45 0.356
6 2 39.0 7 45 0.867
7 1 19.6 7 75 0.261
7 2 24.5 7 75 0.327
8 1 52.8 6 180 0.293
8 2 49.5 9 180 0.275
9 1 53.2 6 148 0.359
9 2 36.4 4 148 0.246
10 1 51.7 8 72 0.718
10 2 46.2 7 72 0.642
11 1 31.0 9 40 0.775
11 2 44.0 8 40 1.100
12 1 23.0 6 56 0.411
12 2 17.0 6 56 0.304
13 1 22.0 6 47 0.468
13 2 24.0 5 47 0.511
14 1 83.2 7 178 0.467
14 2 36.8 6 178 0.207
15 1 12.6 7 74 0.170
15 2 15.0 6 74 0.203
16 1 6.0 6 67 0.090
16 2 6.0 6 67 0.090
17 1 44.8 12 47 0.953
17 2 41.3 11 47 0.879
18 1 44.0 6 49 0.898
18 2 38.0 5 49 0.776
19 1 20.4 10 49 0.416
19 2 16.8 8 49 0.343
20 1 19.0 6 42 0.452
20 2 26.6 5 42 0.633
