200
2
660
660
1 1 44.1 27
1 2 67.5 28
2 1 22.0 9
2 2 28.0 9
3 1 39.0 12
3 2 58.5 14
4 1 14.4 10
4 2 23.4 11
5 1 30.4 7
5 2 30.4 6
6 1 113.6 13
6 2 110.4 15
7 1 15.2 9
7 2 11.4 7
8 1 21.0 12
8 2 19.6 11
9 1 49.5 17
9 2 16.5 15
10 1 54.6 16
10 2 60.2 15
11 1 13.6 10
11 2 8.8 7
12 1 16.0 9
12 2 26.5 12
13 1 24.3 8
13 2 20.7 11
14 1 14.4 8
14 2 19.2 7
15 1 7.7 10
15 2 20.3 8
16 1 51.7 11
16 2 14.3 9
17 1 23.4 10
17 2 30.0 11
18 1 19.8 9
18 2 25.2 10
19 1 51.0 8
19 2 39.0 9
20 1 18.7 7
20 2 17.0 6
21 1 7.0 7
21 2 15.0 9
22 1 43.4 10
22 2 89.6 11
23 1 181.5 23
23 2 139.5 21
24 1 19.6 10
24 2 16.8 8
25 1 48.0 14
25 2 60.0 11
26 1 28.8 10
26 2 25.2 9
27 1 25.2 7
27 2 25.2 7
28 1 27.2 9
28 2 16.0 8
29 1 9.0 7
29 2 25.5 8
30 1 18.9 9
30 2 14.7 6
31 1 35.2 7
31 2 11.2 8
32 1 18.0 8
32 2 40.5 10
33 1 20.3 9
33 2 7.7 9
34 1 11.0 11
34 2 18.7 8
35 1 45.6 10
35 2 27.6 8
36 1 13.8 9
36 2 7.2 10
37 1 15.0 9
37 2 28.5 8
38 1 74.0 10
38 2 22.0 12
39 1 4.8 9
39 2 7.2 8
40 1 13.0 9
40 2 12.0 7
41 1 28.7 9
41 2 20.3 9
42 1 66.5 26
42 2 33.6 25
43 1 28.8 12
43 2 47.7 9
44 1 13.2 8
44 2 12.1 7
45 1 19.2 13
45 2 35.2 13
46 1 52.7 10
46 2 39.1 7
47 1 37.8 16
47 2 14.4 16
48 1 58.5 10
48 2 42.0 11
49 1 58.0 7
49 2 50.0 9
50 1 54.4 10
50 2 42.5 10
51 1 44.1 27
51 2 67.5 28
52 1 22.0 9
52 2 28.0 9
53 1 39.0 12
53 2 58.5 14
54 1 14.4 10
54 2 23.4 11
55 1 30.4 7
55 2 30.4 6
56 1 113.6 13
56 2 110.4 15
57 1 15.2 9
57 2 11.4 7
58 1 21.0 12
58 2 19.6 11
59 1 49.5 17
59 2 16.5 15
60 1 54.6 16
60 2 60.2 15
61 1 13.6 10
61 2 8.8 7
62 1 16.0 9
62 2 26.5 12
63 1 24.3 8
63 2 20.7 11
64 1 14.4 8
64 2 19.2 7
65 1 7.7 10
65 2 20.3 8
66 1 51.7 11
66 2 14.3 9
67 1 23.4 10
67 2 30.0 11
68 1 19.8 9
68 2 25.2 10
69 1 51.0 8
69 2 39.0 9
70 1 18.7 7
70 2 17.0 6
71 1 7.0 7
71 2 15.0 9
72 1 43.4 10
72 2 89.6 11
73 1 181.5 23
73 2 139.5 21
74 1 19.6 10
74 2 16.8 8
75 1 48.0 14
75 2 60.0 11
76 1 28.8 10
76 2 25.2 9
77 1 25.2 7
77 2 25.2 7
78 1 27.2 9
78 2 16.0 8
79 1 9.0 7
79 2 25.5 8
80 1 18.9 9
80 2 14.7 6
81 1 35.2 7
81 2 11.2 8
82 1 18.0 8
82 2 40.5 10
83 1 20.3 9
83 2 7.7 9
84 1 11.0 11
84 2 18.7 8
85 1 45.6 10
85 2 27.6 8
86 1 13.8 9
86 2 7.2 10
87 1 15.0 9
87 2 28.5 8
88 1 74.0 10
88 2 22.0 12
89 1 4.8 9
89 2 7.2 8
90 1 13.0 9
90 2 12.0 7
91 1 28.7 9
91 2 20.3 9
92 1 66.5 26
92 2 33.6 25
93 1 28.8 12
93 2 47.7 9
94 1 13.2 8
94 2 12.1 7
95 1 19.2 13
95 2 35.2 13
96 1 52.7 10
96 2 39.1 7
97 1 37.8 16
97 2 14.4 16
98 1 58.5 10
98 2 42.0 11
99 1 58.0 7
99 2 50.0 9
100 1 54.4 10
100 2 42.5 10
101 1 44.1 27
101 2 67.5 28
102 1 22.0 9
102 2 28.0 9
103 1 39.0 12
103 2 58.5 14
104 1 14.4 10
104 2 23.4 11
105 1 30.4 7
105 2 30.4 6
106 1 113.6 13
106 2 110.4 15
107 1 15.2 9
107 2 11.4 7
108 1 21.0 12
108 2 19.6 11
109 1 49.5 17
109 2 16.5 15
110 1 54.6 16
110 2 60.2 15
111 1 13.6 10
111 2 8.8 7
112 1 16.0 9
112 2 26.5 12
113 1 24.3 8
113 2 20.7 11
114 1 14.4 8
114 2 19.2 7
115 1 7.7 10
115 2 20.3 8
116 1 51.7 11
116 2 14.3 9
117 1 23.4 10
117 2 30.0 11
118 1 19.8 9
118 2 25.2 10
119 1 51.0 8
119 2 39.0 9
120 1 18.7 7
120 2 17.0 6
121 1 7.0 7
121 2 15.0 9
122 1 43.4 10
122 2 89.6 11
123 1 181.5 23
123 2 139.5 21
124 1 19.6 10
124 2 16.8 8
125 1 48.0 14
125 2 60.0 11
126 1 28.8 10
126 2 25.2 9
127 1 25.2 7
127 2 25.2 7
128 1 27.2 9
128 2 16.0 8
129 1 9.0 7
129 2 25.5 8
130 1 18.9 9
130 2 14.7 6
131 1 35.2 7
131 2 11.2 8
132 1 18.0 8
132 2 40.5 10
133 1 20.3 9
133 2 7.7 9
134 1 11.0 11
134 2 18.7 8
135 1 45.6 10
135 2 27.6 8
136 1 13.8 9
136 2 7.2 10
137 1 15.0 9
137 2 28.5 8
138 1 74.0 10
138 2 22.0 12
139 1 4.8 9
139 2 7.2 8
140 1 13.0 9
140 2 12.0 7
141 1 28.7 9
141 2 20.3 9
142 1 66.5 26
142 2 33.6 25
143 1 28.8 12
143 2 47.7 9
144 1 13.2 8
144 2 12.1 7
145 1 19.2 13
145 2 35.2 13
146 1 52.7 10
146 2 39.1 7
147 1 37.8 16
147 2 14.4 16
148 1 58.5 10
148 2 42.0 11
149 1 58.0 7
149 2 50.0 9
150 1 54.4 10
150 2 42.5 10
151 1 44.1 27
151 2 67.5 28
152 1 22.0 9
152 2 28.0 9
153 1 39.0 12
153 2 58.5 14
154 1 14.4 10
154 2 23.4 11
155 1 30.4 7
155 2 30.4 6
156 1 113.6 13
156 2 110.4 15
157 1 15.2 9
157 2 11.4 7
158 1 21.0 12
158 2 19.6 11
159 1 49.5 17
159 2 16.5 15
160 1 54.6 16
160 2 60.2 15
161 1 13.6 10
161 2 8.8 7
162 1 16.0 9
162 2 26.5 12
163 1 24.3 8
163 2 20.7 11
164 1 14.4 8
164 2 19.2 7
165 1 7.7 10
165 2 20.3 8
166 1 51.7 11
166 2 14.3 9
167 1 23.4 10
167 2 30.0 11
168 1 19.8 9
168 2 25.2 10
169 1 51.0 8
169 2 39.0 9
170 1 18.7 7
170 2 17.0 6
171 1 7.0 7
171 2 15.0 9
172 1 43.4 10
172 2 89.6 11
173 1 181.5 23
173 2 139.5 21
174 1 19.6 10
174 2 16.8 8
175 1 48.0 14
175 2 60.0 11
176 1 28.8 10
176 2 25.2 9
177 1 25.2 7
177 2 25.2 7
178 1 27.2 9
178 2 16.0 8
179 1 9.0 7
179 2 25.5 8
180 1 18.9 9
180 2 14.7 6
181 1 35.2 7
181 2 11.2 8
182 1 18.0 8
182 2 40.5 10
183 1 20.3 9
183 2 7.7 9
184 1 11.0 11
184 2 18.7 8
185 1 45.6 10
185 2 27.6 8
186 1 13.8 9
186 2 7.2 10
187 1 15.0 9
187 2 28.5 8
188 1 74.0 10
188 2 22.0 12
189 1 4.8 9
189 2 7.2 8
190 1 13.0 9
190 2 12.0 7
191 1 28.7 9
191 2 20.3 9
192 1 66.5 26
192 2 33.6 25
193 1 28.8 12
193 2 47.7 9
194 1 13.2 8
194 2 12.1 7
195 1 19.2 13
195 2 35.2 13
196 1 52.7 10
196 2 39.1 7
197 1 37.8 16
197 2 14.4 16
198 1 58.5 10
198 2 42.0 11
199 1 58.0 7
199 2 50.0 9
200 1 54.4 10
200 2 42.5 10
1 261
2 46
3 122
4 26
5 78
6 217
7 31
8 62
9 41
10 269
11 37
12 90
13 75
14 82
15 47
16 77
17 182
18 214
19 150
20 72
21 35
22 243
23 212
24 74
25 184
26 42
27 29
28 105
29 26
30 101
31 29
32 109
33 56
34 22
35 41
36 58
37 49
38 22
39 28
40 90
41 180
42 265
43 238
44 76
45 49
46 33
47 33
48 51
49 141
50 44
51 261
52 46
53 122
54 26
55 78
56 217
57 31
58 62
59 41
60 269
61 37
62 90
63 75
64 82
65 47
66 77
67 182
68 214
69 150
70 72
71 35
72 243
73 212
74 74
75 184
76 42
77 29
78 105
79 26
80 101
81 29
82 109
83 56
84 22
85 41
86 58
87 49
88 22
89 28
90 90
91 180
92 265
93 238
94 76
95 49
96 33
97 33
98 51
99 141
100 44
101 261
102 46
103 122
104 26
105 78
106 217
107 31
108 62
109 41
110 269
111 37
112 90
113 75
114 82
115 47
116 77
117 182
118 214
119 150
120 72
121 35
122 243
123 212
124 74
125 184
126 42
127 29
128 105
129 26
130 101
131 29
132 109
133 56
134 22
135 41
136 58
137 49
138 22
139 28
140 90
141 180
142 265
143 238
144 76
145 49
146 33
147 33
148 51
149 141
150 44
151 261
152 46
153 122
154 26
155 78
156 217
157 31
158 62
159 41
160 269
161 37
162 90
163 75
164 82
165 47
166 77
167 182
168 214
169 150
170 72
171 35
172 243
173 212
174 74
175 184
176 42
177 29
178 105
179 26
180 101
181 29
182 109
183 56
184 22
185 41
186 58
187 49
188 22
189 28
190 90
191 180
192 265
193 238
194 76
195 49
196 33
197 33
198 51
199 141
200 44
