200
2
660
660
1 1 44.1 27 261 0.169
1 2 67.5 28 261 0.259
2 1 22.0 9 46 0.478
2 2 28.0 9 46 0.609
3 1 39.0 12 122 0.320
3 2 58.5 14 122 0.480
4 1 14.4 10 26 0.554
4 2 23.4 11 26 0.900
5 1 30.4 7 78 0.390
5 2 30.4 6 78 0.390
6 1 113.6 13 217 0.524
6 2 110.4 15 217 0.509
7 1 15.2 9 31 0.490
7 2 11.4 7 31 0.368
8 1 21.0 12 62 0.339
8 2 19.6 11 62 0.316
9 1 49.5 17 41 1.207
9 2 16.5 15 41 0.402
10 1 54.6 16 269 0.203
10 2 60.2 15 269 0.224
11 1 13.6 10 37 0.368
11 2 8.8 7 37 0.238
12 1 16.0 9 90 0.178
12 2 26.5 12 90 0.294
13 1 24.3 8 75 0.324
13 2 20.7 11 75 0.276
14 1 14.4 8 82 0.176
14 2 19.2 7 82 0.234
15 1 7.7 10 47 0.164
15 2 20.3 8 47 0.432
16 1 51.7 11 77 0.671
16 2 14.3 9 77 0.186
17 1 23.4 10 182 0.129
17 2 30.0 11 182 0.165
18 1 19.8 9 214 0.093
18 2 25.2 10 214 0.118
19 1 51.0 8 150 0.340
19 2 39.0 9 150 0.260
20 1 18.7 7 72 0.260
20 2 17.0 6 72 0.236
21 1 7.0 7 35 0.200
21 2 15.0 9 35 0.429
22 1 43.4 10 243 0.179
22 2 89.6 11 243 0.369
23 1 181.5 23 212 0.856
23 2 139.5 21 212 0.658
24 1 19.6 10 74 0.265
24 2 16.8 8 74 0.227
25 1 48.0 14 184 0.261
25 2 60.0 11 184 0.326
26 1 28.8 10 42 0.686
26 2 25.2 9 42 0.600
27 1 25.2 7 29 0.869
27 2 25.2 7 29 0.869
28 1 27.2 9 105 0.259
28 2 16.0 8 105 0.152
29 1 9.0 7 26 0.346
29 2 25.5 8 26 0.981
30 1 18.9 9 101 0.187
30 2 14.7 6 101 0.146
31 1 35.2 7 29 1.214
31 2 11.2 8 29 0.386
32 1 18.0 8 109 0.165
32 2 40.5 10 109 0.372
33 1 20.3 9 56 0.362
33 2 7.7 9 56 0.138
34 1 11.0 11 22 0.500
34 2 18.7 8 22 0.850
35 1 45.6 10 41 1.112
35 2 27.6 8 41 0.673
36 1 13.8 9 58 0.238
36 2 7.2 10 58 0.124
37 1 15.0 9 49 0.306
37 2 28.5 8 49 0.582
38 1 74.0 10 22 3.364
38 2 22.0 12 22 1.000
39 1 4.8 9 28 0.171
39 2 7.2 8 28 0.257
40 1 13.0 9 90 0.144
40 2 12.0 7 90 0.133
41 1 28.7 9 180 0.159
41 2 20.3 9 180 0.113
42 1 66.5 26 265 0.251
42 2 33.6 25 265 0.127
43 1 28.8 12 238 0.121
43 2 47.7 9 238 0.200
44 1 13.2 8 76 0.174
44 2 12.1 7 76 0.159
45 1 19.2 13 49 0.392
45 2 35.2 13 49 0.718
46 1 52.7 10 33 1.597
46 2 39.1 7 33 1.185
47 1 37.8 16 33 1.145
47 2 14.4 16 33 0.436
48 1 58.5 10 51 1.147
48 2 42.0 11 51 0.824
49 1 58.0 7 141 0.411
49 2 50.0 9 141 0.355
50 1 54.4 10 44 1.236
50 2 42.5 10 44 0.966
51 1 44.1 27 261 0.169
51 2 67.5 28 261 0.259
52 1 22.0 9 46 0.478
52 2 28.0 9 46 0.609
53 1 39.0 12 122 0.320
53 2 58.5 14 122 0.480
54 1 14.4 10 26 0.554
54 2 23.4 11 26 0.900
55 1 30.4 7 78 0.390
55 2 30.4 6 78 0.390
56 1 113.6 13 217 0.524
56 2 110.4 15 217 0.509
57 1 15.2 9 31 0.490
57 2 11.4 7 31 0.368
58 1 21.0 12 62 0.339
58 2 19.6 11 62 0.316
59 1 49.5 17 41 1.207
59 2 16.5 15 41 0.402
60 1 54.6 16 269 0.203
60 2 60.2 15 269 0.224
61 1 13.6 10 37 0.368
61 2 8.8 7 37 0.238
62 1 16.0 9 90 0.178
62 2 26.5 12 90 0.294
63 1 24.3 8 75 0.324
63 2 20.7 11 75 0.276
64 1 14.4 8 82 0.176
64 2 19.2 7 82 0.234
65 1 7.7 10 47 0.164
65 2 20.3 8 47 0.432
66 1 51.7 11 77 0.671
66 2 14.3 9 77 0.186
67 1 23.4 10 182 0.129
67 2 30.0 11 182 0.165
68 1 19.8 9 214 0.093
68 2 25.2 10 214 0.118
69 1 51.0 8 150 0.340
69 2 39.0 9 150 0.260
70 1 18.7 7 72 0.260
70 2 17.0 6 72 0.236
71 1 7.0 7 35 0.200
71 2 15.0 9 35 0.429
72 1 43.4 10 243 0.179
72 2 89.6 11 243 0.369
73 1 181.5 23 212 0.856
73 2 139.5 21 212 0.658
74 1 19.6 10 74 0.265
74 2 16.8 8 74 0.227
75 1 48.0 14 184 0.261
75 2 60.0 11 184 0.326
76 1 28.8 10 42 0.686
76 2 25.2 9 42 0.600
77 1 25.2 7 29 0.869
77 2 25.2 7 29 0.869
78 1 27.2 9 105 0.259
78 2 16.0 8 105 0.152
79 1 9.0 7 26 0.346
79 2 25.5 8 26 0.981
80 1 18.9 9 101 0.187
80 2 14.7 6 101 0.146
81 1 35.2 7 29 1.214
81 2 11.2 8 29 0.386
82 1 18.0 8 109 0.165
82 2 40.5 10 109 0.372
83 1 20.3 9 56 0.362
83 2 7.7 9 56 0.138
84 1 11.0 11 22 0.500
84 2 18.7 8 22 0.850
85 1 45.6 10 41 1.112
85 2 27.6 8 41 0.673
86 1 13.8 9 58 0.238
86 2 7.2 10 58 0.124
87 1 15.0 9 49 0.306
87 2 28.5 8 49 0.582
88 1 74.0 10 22 3.364
88 2 22.0 12 22 1.000
89 1 4.8 9 28 0.171
89 2 7.2 8 28 0.257
90 1 13.0 9 90 0.144
90 2 12.0 7 90 0.133
91 1 28.7 9 180 0.159
91 2 20.3 9 180 0.113
92 1 66.5 26 265 0.251
92 2 33.6 25 265 0.127
93 1 28.8 12 238 0.121
93 2 47.7 9 238 0.200
94 1 13.2 8 76 0.174
94 2 12.1 7 76 0.159
95 1 19.2 13 49 0.392
95 2 35.2 13 49 0.718
96 1 52.7 10 33 1.597
96 2 39.1 7 33 1.185
97 1 37.8 16 33 1.145
97 2 14.4 16 33 0.436
98 1 58.5 10 51 1.147
98 2 42.0 11 51 0.824
99 1 58.0 7 141 0.411
99 2 50.0 9 141 0.355
100 1 54.4 10 44 1.236
100 2 42.5 10 44 0.966
101 1 44.1 27 261 0.169
101 2 67.5 28 261 0.259
102 1 22.0 9 46 0.478
102 2 28.0 9 46 0.609
103 1 39.0 12 122 0.320
103 2 58.5 14 122 0.480
104 1 14.4 10 26 0.554
104 2 23.4 11 26 0.900
105 1 30.4 7 78 0.390
105 2 30.4 6 78 0.390
106 1 113.6 13 217 0.524
106 2 110.4 15 217 0.509
107 1 15.2 9 31 0.490
107 2 11.4 7 31 0.368
108 1 21.0 12 62 0.339
108 2 19.6 11 62 0.316
109 1 49.5 17 41 1.207
109 2 16.5 15 41 0.402
110 1 54.6 16 269 0.203
110 2 60.2 15 269 0.224
111 1 13.6 10 37 0.368
111 2 8.8 7 37 0.238
112 1 16.0 9 90 0.178
112 2 26.5 12 90 0.294
113 1 24.3 8 75 0.324
113 2 20.7 11 75 0.276
114 1 14.4 8 82 0.176
114 2 19.2 7 82 0.234
115 1 7.7 10 47 0.164
115 2 20.3 8 47 0.432
116 1 51.7 11 77 0.671
116 2 14.3 9 77 0.186
117 1 23.4 10 182 0.129
117 2 30.0 11 182 0.165
118 1 19.8 9 214 0.093
118 2 25.2 10 214 0.118
119 1 51.0 8 150 0.340
119 2 39.0 9 150 0.260
120 1 18.7 7 72 0.260
120 2 17.0 6 72 0.236
121 1 7.0 7 35 0.200
121 2 15.0 9 35 0.429
122 1 43.4 10 243 0.179
122 2 89.6 11 243 0.369
123 1 181.5 23 212 0.856
123 2 139.5 21 212 0.658
124 1 19.6 10 74 0.265
124 2 16.8 8 74 0.227
125 1 48.0 14 184 0.261
125 2 60.0 11 184 0.326
126 1 28.8 10 42 0.686
126 2 25.2 9 42 0.600
127 1 25.2 7 29 0.869
127 2 25.2 7 29 0.869
128 1 27.2 9 105 0.259
128 2 16.0 8 105 0.152
129 1 9.0 7 26 0.346
129 2 25.5 8 26 0.981
130 1 18.9 9 101 0.187
130 2 14.7 6 101 0.146
131 1 35.2 7 29 1.214
131 2 11.2 8 29 0.386
132 1 18.0 8 109 0.165
132 2 40.5 10 109 0.372
133 1 20.3 9 56 0.362
133 2 7.7 9 56 0.138
134 1 11.0 11 22 0.500
134 2 18.7 8 22 0.850
135 1 45.6 10 41 1.112
135 2 27.6 8 41 0.673
136 1 13.8 9 58 0.238
136 2 7.2 10 58 0.124
137 1 15.0 9 49 0.306
137 2 28.5 8 49 0.582
138 1 74.0 10 22 3.364
138 2 22.0 12 22 1.000
139 1 4.8 9 28 0.171
139 2 7.2 8 28 0.257
140 1 13.0 9 90 0.144
140 2 12.0 7 90 0.133
141 1 28.7 9 180 0.159
141 2 20.3 9 180 0.113
142 1 66.5 26 265 0.251
142 2 33.6 25 265 0.127
143 1 28.8 12 238 0.121
143 2 47.7 9 238 0.200
144 1 13.2 8 76 0.174
144 2 12.1 7 76 0.159
145 1 19.2 13 49 0.392
145 2 35.2 13 49 0.718
146 1 52.7 10 33 1.597
146 2 39.1 7 33 1.185
147 1 37.8 16 33 1.145
147 2 14.4 16 33 0.436
148 1 58.5 10 51 1.147
148 2 42.0 11 51 0.824
149 1 58.0 7 141 0.411
149 2 50.0 9 141 0.355
150 1 54.4 10 44 1.236
150 2 42.5 10 44 0.966
151 1 44.1 27 261 0.169
151 2 67.5 28 261 0.259
152 1 22.0 9 46 0.478
152 2 28.0 9 46 0.609
153 1 39.0 12 122 0.320
153 2 58.5 14 122 0.480
154 1 14.4 10 26 0.554
154 2 23.4 11 26 0.900
155 1 30.4 7 78 0.390
155 2 30.4 6 78 0.390
156 1 113.6 13 217 0.524
156 2 110.4 15 217 0.509
157 1 15.2 9 31 0.490
157 2 11.4 7 31 0.368
158 1 21.0 12 62 0.339
158 2 19.6 11 62 0.316
159 1 49.5 17 41 1.207
159 2 16.5 15 41 0.402
160 1 54.6 16 269 0.203
160 2 60.2 15 269 0.224
161 1 13.6 10 37 0.368
161 2 8.8 7 37 0.238
162 1 16.0 9 90 0.178
162 2 26.5 12 90 0.294
163 1 24.3 8 75 0.324
163 2 20.7 11 75 0.276
164 1 14.4 8 82 0.176
164 2 19.2 7 82 0.234
165 1 7.7 10 47 0.164
165 2 20.3 8 47 0.432
166 1 51.7 11 77 0.671
166 2 14.3 9 77 0.186
167 1 23.4 10 182 0.129
167 2 30.0 11 182 0.165
168 1 19.8 9 214 0.093
168 2 25.2 10 214 0.118
169 1 51.0 8 150 0.340
169 2 39.0 9 150 0.260
170 1 18.7 7 72 0.260
170 2 17.0 6 72 0.236
171 1 7.0 7 35 0.200
171 2 15.0 9 35 0.429
172 1 43.4 10 243 0.179
172 2 89.6 11 243 0.369
173 1 181.5 23 212 0.856
173 2 139.5 21 212 0.658
174 1 19.6 10 74 0.265
174 2 16.8 8 74 0.227
175 1 48.0 14 184 0.261
175 2 60.0 11 184 0.326
176 1 28.8 10 42 0.686
176 2 25.2 9 42 0.600
177 1 25.2 7 29 0.869
177 2 25.2 7 29 0.869
178 1 27.2 9 105 0.259
178 2 16.0 8 105 0.152
179 1 9.0 7 26 0.346
179 2 25.5 8 26 0.981
180 1 18.9 9 101 0.187
180 2 14.7 6 101 0.146
181 1 35.2 7 29 1.214
181 2 11.2 8 29 0.386
182 1 18.0 8 109 0.165
182 2 40.5 10 109 0.372
183 1 20.3 9 56 0.362
183 2 7.7 9 56 0.138
184 1 11.0 11 22 0.500
184 2 18.7 8 22 0.850
185 1 45.6 10 41 1.112
185 2 27.6 8 41 0.673
186 1 13.8 9 58 0.238
186 2 7.2 10 58 0.124
187 1 15.0 9 49 0.306
187 2 28.5 8 49 0.582
188 1 74.0 10 22 3.364
188 2 22.0 12 22 1.000
189 1 4.8 9 28 0.171
189 2 7.2 8 28 0.257
190 1 13.0 9 90 0.144
190 2 12.0 7 90 0.133
191 1 28.7 9 180 0.159
191 2 20.3 9 180 0.113
192 1 66.5 26 265 0.251
192 2 33.6 25 265 0.127
193 1 28.8 12 238 0.121
193 2 47.7 9 238 0.200
194 1 13.2 8 76 0.174
194 2 12.1 7 76 0.159
195 1 19.2 13 49 0.392
195 2 35.2 13 49 0.718
196 1 52.7 10 33 1.597
196 2 39.1 7 33 1.185
197 1 37.8 16 33 1.145
197 2 14.4 16 33 0.436
198 1 58.5 10 51 1.147
198 2 42.0 11 51 0.824
199 1 58.0 7 141 0.411
199 2 50.0 9 141 0.355
200 1 54.4 10 44 1.236
200 2 42.5 10 44 0.966
