50
2
165
165
1 1 44.1 24 259 0.093
1 2 67.5 25 259 0.097
2 1 22.0 6 44 0.136
2 2 28.0 6 44 0.136
3 1 39.0 9 120 0.075
3 2 58.5 11 120 0.092
4 1 14.4 7 24 0.292
4 2 23.4 8 24 0.333
5 1 30.4 4 76 0.053
5 2 30.4 3 76 0.039
6 1 113.6 10 215 0.047
6 2 110.4 12 215 0.056
7 1 15.2 6 29 0.207
7 2 11.4 4 29 0.138
8 1 21.0 9 60 0.150
8 2 19.6 8 60 0.133
9 1 49.5 14 39 0.359
9 2 16.5 12 39 0.308
10 1 54.6 13 267 0.049
10 2 60.2 12 267 0.045
11 1 13.6 7 35 0.200
11 2 8.8 4 35 0.114
12 1 16.0 6 88 0.068
12 2 26.5 9 88 0.102
13 1 24.3 5 73 0.068
13 2 20.7 8 73 0.110
14 1 14.4 5 80 0.062
14 2 19.2 4 80 0.050
15 1 7.7 7 45 0.156
15 2 20.3 5 45 0.111
16 1 51.7 8 75 0.107
16 2 14.3 6 75 0.080
17 1 23.4 7 180 0.039
17 2 30.0 8 180 0.044
18 1 19.8 6 212 0.028
18 2 25.2 7 212 0.033
19 1 51.0 5 148 0.034
19 2 39.0 6 148 0.041
20 1 18.7 4 70 0.057
20 2 17.0 3 70 0.043
21 1 7.0 4 33 0.121
21 2 15.0 6 33 0.182
22 1 43.4 7 241 0.029
22 2 89.6 8 241 0.033
23 1 181.5 20 210 0.095
23 2 139.5 18 210 0.086
24 1 19.6 7 72 0.097
24 2 16.8 5 72 0.069
25 1 48.0 11 182 0.060
25 2 60.0 8 182 0.044
26 1 28.8 7 40 0.175
26 2 25.2 6 40 0.150
27 1 25.2 4 27 0.148
27 2 25.2 4 27 0.148
28 1 27.2 6 103 0.058
28 2 16.0 5 103 0.049
29 1 9.0 4 24 0.167
29 2 25.5 5 24 0.208
30 1 18.9 6 99 0.061
30 2 14.7 3 99 0.030
31 1 35.2 4 27 0.148
31 2 11.2 5 27 0.185
32 1 18.0 5 107 0.047
32 2 40.5 7 107 0.065
33 1 20.3 6 54 0.111
33 2 7.7 6 54 0.111
34 1 11.0 8 20 0.400
34 2 18.7 5 20 0.250
35 1 45.6 7 39 0.179
35 2 27.6 5 39 0.128
36 1 13.8 6 56 0.107
36 2 7.2 7 56 0.125
37 1 15.0 6 47 0.128
37 2 28.5 5 47 0.106
38 1 74.0 7 20 0.350
38 2 22.0 9 20 0.450
39 1 4.8 6 26 0.231
39 2 7.2 5 26 0.192
40 1 13.0 6 88 0.068
40 2 12.0 4 88 0.045
41 1 28.7 6 178 0.034
41 2 20.3 6 178 0.034
42 1 66.5 23 263 0.087
42 2 33.6 22 263 0.084
43 1 28.8 9 236 0.038
43 2 47.7 6 236 0.025
44 1 13.2 5 74 0.068
44 2 12.1 4 74 0.054
45 1 19.2 10 47 0.213
45 2 35.2 10 47 0.213
46 1 52.7 7 31 0.226
46 2 39.1 4 31 0.129
47 1 37.8 13 31 0.419
47 2 14.4 13 31 0.419
48 1 58.5 7 49 0.143
48 2 42.0 8 49 0.163
49 1 58.0 4 139 0.029
49 2 50.0 6 139 0.043
50 1 54.4 7 42 0.167
50 2 42.5 7 42 0.167
