500
2
1650
1650
1 1 45.1 27 260 0.104
1 2 68.5 28 260 0.108
2 1 23.0 9 45 0.200
2 2 29.0 9 45 0.200
3 1 40.0 12 121 0.099
3 2 59.5 14 121 0.116
4 1 15.4 10 25 0.400
4 2 24.4 11 25 0.440
5 1 31.4 7 77 0.091
5 2 31.4 6 77 0.078
6 1 114.6 13 216 0.060
6 2 111.4 15 216 0.069
7 1 16.2 9 30 0.300
7 2 12.4 7 30 0.233
8 1 22.0 12 61 0.197
8 2 20.6 11 61 0.180
9 1 50.5 17 40 0.425
9 2 17.5 15 40 0.375
10 1 55.6 16 268 0.060
10 2 61.2 15 268 0.056
11 1 14.6 10 36 0.278
11 2 9.8 7 36 0.194
12 1 17.0 9 89 0.101
12 2 27.5 12 89 0.135
13 1 25.3 8 74 0.108
13 2 21.7 11 74 0.149
14 1 15.4 8 81 0.099
14 2 20.2 7 81 0.086
15 1 8.7 10 46 0.217
15 2 21.3 8 46 0.174
16 1 52.7 11 76 0.145
16 2 15.3 9 76 0.118
17 1 24.4 10 181 0.055
17 2 31.0 11 181 0.061
18 1 20.8 9 213 0.042
18 2 26.2 10 213 0.047
19 1 52.0 8 149 0.054
19 2 40.0 9 149 0.060
20 1 19.7 7 71 0.099
20 2 18.0 6 71 0.085
21 1 8.0 7 34 0.206
21 2 16.0 9 34 0.265
22 1 44.4 10 242 0.041
22 2 90.6 11 242 0.045
23 1 182.5 23 211 0.109
23 2 140.5 21 211 0.100
24 1 20.6 10 73 0.137
24 2 17.8 8 73 0.110
25 1 49.0 14 183 0.077
25 2 61.0 11 183 0.060
26 1 29.8 10 41 0.244
26 2 26.2 9 41 0.220
27 1 26.2 7 28 0.250
27 2 26.2 7 28 0.250
28 1 28.2 9 104 0.087
28 2 17.0 8 104 0.077
29 1 10.0 7 25 0.280
29 2 26.5 8 25 0.320
30 1 19.9 9 100 0.090
30 2 15.7 6 100 0.060
31 1 36.2 7 28 0.250
31 2 12.2 8 28 0.286
32 1 19.0 8 108 0.074
32 2 41.5 10 108 0.093
33 1 21.3 9 55 0.164
33 2 8.7 9 55 0.164
34 1 12.0 11 21 0.524
34 2 19.7 8 21 0.381
35 1 46.6 10 40 0.250
35 2 28.6 8 40 0.200
36 1 14.8 9 57 0.158
36 2 8.2 10 57 0.175
37 1 16.0 9 48 0.188
37 2 29.5 8 48 0.167
38 1 75.0 10 21 0.476
38 2 23.0 12 21 0.571
39 1 5.8 9 27 0.333
39 2 8.2 8 27 0.296
40 1 14.0 9 89 0.101
40 2 13.0 7 89 0.079
41 1 29.7 9 179 0.050
41 2 21.3 9 179 0.050
42 1 67.5 26 264 0.098
42 2 34.6 25 264 0.095
43 1 29.8 12 237 0.051
43 2 48.7 9 237 0.038
44 1 14.2 8 75 0.107
44 2 13.1 7 75 0.093
45 1 20.2 13 48 0.271
45 2 36.2 13 48 0.271
46 1 53.7 10 32 0.312
46 2 40.1 7 32 0.219
47 1 38.8 16 32 0.500
47 2 15.4 16 32 0.500
48 1 59.5 10 50 0.200
48 2 43.0 11 50 0.220
49 1 59.0 7 140 0.050
49 2 51.0 9 140 0.064
50 1 55.4 10 43 0.233
50 2 43.5 10 43 0.233
51 1 45.1 27 260 0.104
51 2 68.5 28 260 0.108
52 1 23.0 9 45 0.200
52 2 29.0 9 45 0.200
53 1 40.0 12 121 0.099
53 2 59.5 14 121 0.116
54 1 15.4 10 25 0.400
54 2 24.4 11 25 0.440
55 1 31.4 7 77 0.091
55 2 31.4 6 77 0.078
56 1 114.6 13 216 0.060
56 2 111.4 15 216 0.069
57 1 16.2 9 30 0.300
57 2 12.4 7 30 0.233
58 1 22.0 12 61 0.197
58 2 20.6 11 61 0.180
59 1 50.5 17 40 0.425
59 2 17.5 15 40 0.375
60 1 55.6 16 268 0.060
60 2 61.2 15 268 0.056
61 1 14.6 10 36 0.278
61 2 9.8 7 36 0.194
62 1 17.0 9 89 0.101
62 2 27.5 12 89 0.135
63 1 25.3 8 74 0.108
63 2 21.7 11 74 0.149
64 1 15.4 8 81 0.099
64 2 20.2 7 81 0.086
65 1 8.7 10 46 0.217
65 2 21.3 8 46 0.174
66 1 52.7 11 76 0.145
66 2 15.3 9 76 0.118
67 1 24.4 10 181 0.055
67 2 31.0 11 181 0.061
68 1 20.8 9 213 0.042
68 2 26.2 10 213 0.047
69 1 52.0 8 149 0.054
69 2 40.0 9 149 0.060
70 1 19.7 7 71 0.099
70 2 18.0 6 71 0.085
71 1 8.0 7 34 0.206
71 2 16.0 9 34 0.265
72 1 44.4 10 242 0.041
72 2 90.6 11 242 0.045
73 1 182.5 23 211 0.109
73 2 140.5 21 211 0.100
74 1 20.6 10 73 0.137
74 2 17.8 8 73 0.110
75 1 49.0 14 183 0.077
75 2 61.0 11 183 0.060
76 1 29.8 10 41 0.244
76 2 26.2 9 41 0.220
77 1 26.2 7 28 0.250
77 2 26.2 7 28 0.250
78 1 28.2 9 104 0.087
78 2 17.0 8 104 0.077
79 1 10.0 7 25 0.280
79 2 26.5 8 25 0.320
80 1 19.9 9 100 0.090
80 2 15.7 6 100 0.060
81 1 36.2 7 28 0.250
81 2 12.2 8 28 0.286
82 1 19.0 8 108 0.074
82 2 41.5 10 108 0.093
83 1 21.3 9 55 0.164
83 2 8.7 9 55 0.164
84 1 12.0 11 21 0.524
84 2 19.7 8 21 0.381
85 1 46.6 10 40 0.250
85 2 28.6 8 40 0.200
86 1 14.8 9 57 0.158
86 2 8.2 10 57 0.175
87 1 16.0 9 48 0.188
87 2 29.5 8 48 0.167
88 1 75.0 10 21 0.476
88 2 23.0 12 21 0.571
89 1 5.8 9 27 0.333
89 2 8.2 8 27 0.296
90 1 14.0 9 89 0.101
90 2 13.0 7 89 0.079
91 1 29.7 9 179 0.050
91 2 21.3 9 179 0.050
92 1 67.5 26 264 0.098
92 2 34.6 25 264 0.095
93 1 29.8 12 237 0.051
93 2 48.7 9 237 0.038
94 1 14.2 8 75 0.107
94 2 13.1 7 75 0.093
95 1 20.2 13 48 0.271
95 2 36.2 13 48 0.271
96 1 53.7 10 32 0.312
96 2 40.1 7 32 0.219
97 1 38.8 16 32 0.500
97 2 15.4 16 32 0.500
98 1 59.5 10 50 0.200
98 2 43.0 11 50 0.220
99 1 59.0 7 140 0.050
99 2 51.0 9 140 0.064
100 1 55.4 10 43 0.233
100 2 43.5 10 43 0.233
101 1 45.1 27 260 0.104
101 2 68.5 28 260 0.108
102 1 23.0 9 45 0.200
102 2 29.0 9 45 0.200
103 1 40.0 12 121 0.099
103 2 59.5 14 121 0.116
104 1 15.4 10 25 0.400
104 2 24.4 11 25 0.440
105 1 31.4 7 77 0.091
105 2 31.4 6 77 0.078
106 1 114.6 13 216 0.060
106 2 111.4 15 216 0.069
107 1 16.2 9 30 0.300
107 2 12.4 7 30 0.233
108 1 22.0 12 61 0.197
108 2 20.6 11 61 0.180
109 1 50.5 17 40 0.425
109 2 17.5 15 40 0.375
110 1 55.6 16 268 0.060
110 2 61.2 15 268 0.056
111 1 14.6 10 36 0.278
111 2 9.8 7 36 0.194
112 1 17.0 9 89 0.101
112 2 27.5 12 89 0.135
113 1 25.3 8 74 0.108
113 2 21.7 11 74 0.149
114 1 15.4 8 81 0.099
114 2 20.2 7 81 0.086
115 1 8.7 10 46 0.217
115 2 21.3 8 46 0.174
116 1 52.7 11 76 0.145
116 2 15.3 9 76 0.118
117 1 24.4 10 181 0.055
117 2 31.0 11 181 0.061
118 1 20.8 9 213 0.042
118 2 26.2 10 213 0.047
119 1 52.0 8 149 0.054
119 2 40.0 9 149 0.060
120 1 19.7 7 71 0.099
120 2 18.0 6 71 0.085
121 1 8.0 7 34 0.206
121 2 16.0 9 34 0.265
122 1 44.4 10 242 0.041
122 2 90.6 11 242 0.045
123 1 182.5 23 211 0.109
123 2 140.5 21 211 0.100
124 1 20.6 10 73 0.137
124 2 17.8 8 73 0.110
125 1 49.0 14 183 0.077
125 2 61.0 11 183 0.060
126 1 29.8 10 41 0.244
126 2 26.2 9 41 0.220
127 1 26.2 7 28 0.250
127 2 26.2 7 28 0.250
128 1 28.2 9 104 0.087
128 2 17.0 8 104 0.077
129 1 10.0 7 25 0.280
129 2 26.5 8 25 0.320
130 1 19.9 9 100 0.090
130 2 15.7 6 100 0.060
131 1 36.2 7 28 0.250
131 2 12.2 8 28 0.286
132 1 19.0 8 108 0.074
132 2 41.5 10 108 0.093
133 1 21.3 9 55 0.164
133 2 8.7 9 55 0.164
134 1 12.0 11 21 0.524
134 2 19.7 8 21 0.381
135 1 46.6 10 40 0.250
135 2 28.6 8 40 0.200
136 1 14.8 9 57 0.158
136 2 8.2 10 57 0.175
137 1 16.0 9 48 0.188
137 2 29.5 8 48 0.167
138 1 75.0 10 21 0.476
138 2 23.0 12 21 0.571
139 1 5.8 9 27 0.333
139 2 8.2 8 27 0.296
140 1 14.0 9 89 0.101
140 2 13.0 7 89 0.079
141 1 29.7 9 179 0.050
141 2 21.3 9 179 0.050
142 1 67.5 26 264 0.098
142 2 34.6 25 264 0.095
143 1 29.8 12 237 0.051
143 2 48.7 9 237 0.038
144 1 14.2 8 75 0.107
144 2 13.1 7 75 0.093
145 1 20.2 13 48 0.271
145 2 36.2 13 48 0.271
146 1 53.7 10 32 0.312
146 2 40.1 7 32 0.219
147 1 38.8 16 32 0.500
147 2 15.4 16 32 0.500
148 1 59.5 10 50 0.200
148 2 43.0 11 50 0.220
149 1 59.0 7 140 0.050
149 2 51.0 9 140 0.064
150 1 55.4 10 43 0.233
150 2 43.5 10 43 0.233
151 1 45.1 27 260 0.104
151 2 68.5 28 260 0.108
152 1 23.0 9 45 0.200
152 2 29.0 9 45 0.200
153 1 40.0 12 121 0.099
153 2 59.5 14 121 0.116
154 1 15.4 10 25 0.400
154 2 24.4 11 25 0.440
155 1 31.4 7 77 0.091
155 2 31.4 6 77 0.078
156 1 114.6 13 216 0.060
156 2 111.4 15 216 0.069
157 1 16.2 9 30 0.300
157 2 12.4 7 30 0.233
158 1 22.0 12 61 0.197
158 2 20.6 11 61 0.180
159 1 50.5 17 40 0.425
159 2 17.5 15 40 0.375
160 1 55.6 16 268 0.060
160 2 61.2 15 268 0.056
161 1 14.6 10 36 0.278
161 2 9.8 7 36 0.194
162 1 17.0 9 89 0.101
162 2 27.5 12 89 0.135
163 1 25.3 8 74 0.108
163 2 21.7 11 74 0.149
164 1 15.4 8 81 0.099
164 2 20.2 7 81 0.086
165 1 8.7 10 46 0.217
165 2 21.3 8 46 0.174
166 1 52.7 11 76 0.145
166 2 15.3 9 76 0.118
167 1 24.4 10 181 0.055
167 2 31.0 11 181 0.061
168 1 20.8 9 213 0.042
168 2 26.2 10 213 0.047
169 1 52.0 8 149 0.054
169 2 40.0 9 149 0.060
170 1 19.7 7 71 0.099
170 2 18.0 6 71 0.085
171 1 8.0 7 34 0.206
171 2 16.0 9 34 0.265
172 1 44.4 10 242 0.041
172 2 90.6 11 242 0.045
173 1 182.5 23 211 0.109
173 2 140.5 21 211 0.100
174 1 20.6 10 73 0.137
174 2 17.8 8 73 0.110
175 1 49.0 14 183 0.077
175 2 61.0 11 183 0.060
176 1 29.8 10 41 0.244
176 2 26.2 9 41 0.220
177 1 26.2 7 28 0.250
177 2 26.2 7 28 0.250
178 1 28.2 9 104 0.087
178 2 17.0 8 104 0.077
179 1 10.0 7 25 0.280
179 2 26.5 8 25 0.320
180 1 19.9 9 100 0.090
180 2 15.7 6 100 0.060
181 1 36.2 7 28 0.250
181 2 12.2 8 28 0.286
182 1 19.0 8 108 0.074
182 2 41.5 10 108 0.093
183 1 21.3 9 55 0.164
183 2 8.7 9 55 0.164
184 1 12.0 11 21 0.524
184 2 19.7 8 21 0.381
185 1 46.6 10 40 0.250
185 2 28.6 8 40 0.200
186 1 14.8 9 57 0.158
186 2 8.2 10 57 0.175
187 1 16.0 9 48 0.188
187 2 29.5 8 48 0.167
188 1 75.0 10 21 0.476
188 2 23.0 12 21 0.571
189 1 5.8 9 27 0.333
189 2 8.2 8 27 0.296
190 1 14.0 9 89 0.101
190 2 13.0 7 89 0.079
191 1 29.7 9 179 0.050
191 2 21.3 9 179 0.050
192 1 67.5 26 264 0.098
192 2 34.6 25 264 0.095
193 1 29.8 12 237 0.051
193 2 48.7 9 237 0.038
194 1 14.2 8 75 0.107
194 2 13.1 7 75 0.093
195 1 20.2 13 48 0.271
195 2 36.2 13 48 0.271
196 1 53.7 10 32 0.312
196 2 40.1 7 32 0.219
197 1 38.8 16 32 0.500
197 2 15.4 16 32 0.500
198 1 59.5 10 50 0.200
198 2 43.0 11 50 0.220
199 1 59.0 7 140 0.050
199 2 51.0 9 140 0.064
200 1 55.4 10 43 0.233
200 2 43.5 10 43 0.233
201 1 45.1 27 260 0.104
201 2 68.5 28 260 0.108
202 1 23.0 9 45 0.200
202 2 29.0 9 45 0.200
203 1 40.0 12 121 0.099
203 2 59.5 14 121 0.116
204 1 15.4 10 25 0.400
204 2 24.4 11 25 0.440
205 1 31.4 7 77 0.091
205 2 31.4 6 77 0.078
206 1 114.6 13 216 0.060
206 2 111.4 15 216 0.069
207 1 16.2 9 30 0.300
207 2 12.4 7 30 0.233
208 1 22.0 12 61 0.197
208 2 20.6 11 61 0.180
209 1 50.5 17 40 0.425
209 2 17.5 15 40 0.375
210 1 55.6 16 268 0.060
210 2 61.2 15 268 0.056
211 1 14.6 10 36 0.278
211 2 9.8 7 36 0.194
212 1 17.0 9 89 0.101
212 2 27.5 12 89 0.135
213 1 25.3 8 74 0.108
213 2 21.7 11 74 0.149
214 1 15.4 8 81 0.099
214 2 20.2 7 81 0.086
215 1 8.7 10 46 0.217
215 2 21.3 8 46 0.174
216 1 52.7 11 76 0.145
216 2 15.3 9 76 0.118
217 1 24.4 10 181 0.055
217 2 31.0 11 181 0.061
218 1 20.8 9 213 0.042
218 2 26.2 10 213 0.047
219 1 52.0 8 149 0.054
219 2 40.0 9 149 0.060
220 1 19.7 7 71 0.099
220 2 18.0 6 71 0.085
221 1 8.0 7 34 0.206
221 2 16.0 9 34 0.265
222 1 44.4 10 242 0.041
222 2 90.6 11 242 0.045
223 1 182.5 23 211 0.109
223 2 140.5 21 211 0.100
224 1 20.6 10 73 0.137
224 2 17.8 8 73 0.110
225 1 49.0 14 183 0.077
225 2 61.0 11 183 0.060
226 1 29.8 10 41 0.244
226 2 26.2 9 41 0.220
227 1 26.2 7 28 0.250
227 2 26.2 7 28 0.250
228 1 28.2 9 104 0.087
228 2 17.0 8 104 0.077
229 1 10.0 7 25 0.280
229 2 26.5 8 25 0.320
230 1 19.9 9 100 0.090
230 2 15.7 6 100 0.060
231 1 36.2 7 28 0.250
231 2 12.2 8 28 0.286
232 1 19.0 8 108 0.074
232 2 41.5 10 108 0.093
233 1 21.3 9 55 0.164
233 2 8.7 9 55 0.164
234 1 12.0 11 21 0.524
234 2 19.7 8 21 0.381
235 1 46.6 10 40 0.250
235 2 28.6 8 40 0.200
236 1 14.8 9 57 0.158
236 2 8.2 10 57 0.175
237 1 16.0 9 48 0.188
237 2 29.5 8 48 0.167
238 1 75.0 10 21 0.476
238 2 23.0 12 21 0.571
239 1 5.8 9 27 0.333
239 2 8.2 8 27 0.296
240 1 14.0 9 89 0.101
240 2 13.0 7 89 0.079
241 1 29.7 9 179 0.050
241 2 21.3 9 179 0.050
242 1 67.5 26 264 0.098
242 2 34.6 25 264 0.095
243 1 29.8 12 237 0.051
243 2 48.7 9 237 0.038
244 1 14.2 8 75 0.107
244 2 13.1 7 75 0.093
245 1 20.2 13 48 0.271
245 2 36.2 13 48 0.271
246 1 53.7 10 32 0.312
246 2 40.1 7 32 0.219
247 1 38.8 16 32 0.500
247 2 15.4 16 32 0.500
248 1 59.5 10 50 0.200
248 2 43.0 11 50 0.220
249 1 59.0 7 140 0.050
249 2 51.0 9 140 0.064
250 1 55.4 10 43 0.233
250 2 43.5 10 43 0.233
251 1 45.1 27 260 0.104
251 2 68.5 28 260 0.108
252 1 23.0 9 45 0.200
252 2 29.0 9 45 0.200
253 1 40.0 12 121 0.099
253 2 59.5 14 121 0.116
254 1 15.4 10 25 0.400
254 2 24.4 11 25 0.440
255 1 31.4 7 77 0.091
255 2 31.4 6 77 0.078
256 1 114.6 13 216 0.060
256 2 111.4 15 216 0.069
257 1 16.2 9 30 0.300
257 2 12.4 7 30 0.233
258 1 22.0 12 61 0.197
258 2 20.6 11 61 0.180
259 1 50.5 17 40 0.425
259 2 17.5 15 40 0.375
260 1 55.6 16 268 0.060
260 2 61.2 15 268 0.056
261 1 14.6 10 36 0.278
261 2 9.8 7 36 0.194
262 1 17.0 9 89 0.101
262 2 27.5 12 89 0.135
263 1 25.3 8 74 0.108
263 2 21.7 11 74 0.149
264 1 15.4 8 81 0.099
264 2 20.2 7 81 0.086
265 1 8.7 10 46 0.217
265 2 21.3 8 46 0.174
266 1 52.7 11 76 0.145
266 2 15.3 9 76 0.118
267 1 24.4 10 181 0.055
267 2 31.0 11 181 0.061
268 1 20.8 9 213 0.042
268 2 26.2 10 213 0.047
269 1 52.0 8 149 0.054
269 2 40.0 9 149 0.060
270 1 19.7 7 71 0.099
270 2 18.0 6 71 0.085
271 1 8.0 7 34 0.206
271 2 16.0 9 34 0.265
272 1 44.4 10 242 0.041
272 2 90.6 11 242 0.045
273 1 182.5 23 211 0.109
273 2 140.5 21 211 0.100
274 1 20.6 10 73 0.137
274 2 17.8 8 73 0.110
275 1 49.0 14 183 0.077
275 2 61.0 11 183 0.060
276 1 29.8 10 41 0.244
276 2 26.2 9 41 0.220
277 1 26.2 7 28 0.250
277 2 26.2 7 28 0.250
278 1 28.2 9 104 0.087
278 2 17.0 8 104 0.077
279 1 10.0 7 25 0.280
279 2 26.5 8 25 0.320
280 1 19.9 9 100 0.090
280 2 15.7 6 100 0.060
281 1 36.2 7 28 0.250
281 2 12.2 8 28 0.286
282 1 19.0 8 108 0.074
282 2 41.5 10 108 0.093
283 1 21.3 9 55 0.164
283 2 8.7 9 55 0.164
284 1 12.0 11 21 0.524
284 2 19.7 8 21 0.381
285 1 46.6 10 40 0.250
285 2 28.6 8 40 0.200
286 1 14.8 9 57 0.158
286 2 8.2 10 57 0.175
287 1 16.0 9 48 0.188
287 2 29.5 8 48 0.167
288 1 75.0 10 21 0.476
288 2 23.0 12 21 0.571
289 1 5.8 9 27 0.333
289 2 8.2 8 27 0.296
290 1 14.0 9 89 0.101
290 2 13.0 7 89 0.079
291 1 29.7 9 179 0.050
291 2 21.3 9 179 0.050
292 1 67.5 26 264 0.098
292 2 34.6 25 264 0.095
293 1 29.8 12 237 0.051
293 2 48.7 9 237 0.038
294 1 14.2 8 75 0.107
294 2 13.1 7 75 0.093
295 1 20.2 13 48 0.271
295 2 36.2 13 48 0.271
296 1 53.7 10 32 0.312
296 2 40.1 7 32 0.219
297 1 38.8 16 32 0.500
297 2 15.4 16 32 0.500
298 1 59.5 10 50 0.200
298 2 43.0 11 50 0.220
299 1 59.0 7 140 0.050
299 2 51.0 9 140 0.064
300 1 55.4 10 43 0.233
300 2 43.5 10 43 0.233
301 1 45.1 27 260 0.104
301 2 68.5 28 260 0.108
302 1 23.0 9 45 0.200
302 2 29.0 9 45 0.200
303 1 40.0 12 121 0.099
303 2 59.5 14 121 0.116
304 1 15.4 10 25 0.400
304 2 24.4 11 25 0.440
305 1 31.4 7 77 0.091
305 2 31.4 6 77 0.078
306 1 114.6 13 216 0.060
306 2 111.4 15 216 0.069
307 1 16.2 9 30 0.300
307 2 12.4 7 30 0.233
308 1 22.0 12 61 0.197
308 2 20.6 11 61 0.180
309 1 50.5 17 40 0.425
309 2 17.5 15 40 0.375
310 1 55.6 16 268 0.060
310 2 61.2 15 268 0.056
311 1 14.6 10 36 0.278
311 2 9.8 7 36 0.194
312 1 17.0 9 89 0.101
312 2 27.5 12 89 0.135
313 1 25.3 8 74 0.108
313 2 21.7 11 74 0.149
314 1 15.4 8 81 0.099
314 2 20.2 7 81 0.086
315 1 8.7 10 46 0.217
315 2 21.3 8 46 0.174
316 1 52.7 11 76 0.145
316 2 15.3 9 76 0.118
317 1 24.4 10 181 0.055
317 2 31.0 11 181 0.061
318 1 20.8 9 213 0.042
318 2 26.2 10 213 0.047
319 1 52.0 8 149 0.054
319 2 40.0 9 149 0.060
320 1 19.7 7 71 0.099
320 2 18.0 6 71 0.085
321 1 8.0 7 34 0.206
321 2 16.0 9 34 0.265
322 1 44.4 10 242 0.041
322 2 90.6 11 242 0.045
323 1 182.5 23 211 0.109
323 2 140.5 21 211 0.100
324 1 20.6 10 73 0.137
324 2 17.8 8 73 0.110
325 1 49.0 14 183 0.077
325 2 61.0 11 183 0.060
326 1 29.8 10 41 0.244
326 2 26.2 9 41 0.220
327 1 26.2 7 28 0.250
327 2 26.2 7 28 0.250
328 1 28.2 9 104 0.087
328 2 17.0 8 104 0.077
329 1 10.0 7 25 0.280
329 2 26.5 8 25 0.320
330 1 19.9 9 100 0.090
330 2 15.7 6 100 0.060
331 1 36.2 7 28 0.250
331 2 12.2 8 28 0.286
332 1 19.0 8 108 0.074
332 2 41.5 10 108 0.093
333 1 21.3 9 55 0.164
333 2 8.7 9 55 0.164
334 1 12.0 11 21 0.524
334 2 19.7 8 21 0.381
335 1 46.6 10 40 0.250
335 2 28.6 8 40 0.200
336 1 14.8 9 57 0.158
336 2 8.2 10 57 0.175
337 1 16.0 9 48 0.188
337 2 29.5 8 48 0.167
338 1 75.0 10 21 0.476
338 2 23.0 12 21 0.571
339 1 5.8 9 27 0.333
339 2 8.2 8 27 0.296
340 1 14.0 9 89 0.101
340 2 13.0 7 89 0.079
341 1 29.7 9 179 0.050
341 2 21.3 9 179 0.050
342 1 67.5 26 264 0.098
342 2 34.6 25 264 0.095
343 1 29.8 12 237 0.051
343 2 48.7 9 237 0.038
344 1 14.2 8 75 0.107
344 2 13.1 7 75 0.093
345 1 20.2 13 48 0.271
345 2 36.2 13 48 0.271
346 1 53.7 10 32 0.312
346 2 40.1 7 32 0.219
347 1 38.8 16 32 0.500
347 2 15.4 16 32 0.500
348 1 59.5 10 50 0.200
348 2 43.0 11 50 0.220
349 1 59.0 7 140 0.050
349 2 51.0 9 140 0.064
350 1 55.4 10 43 0.233
350 2 43.5 10 43 0.233
351 1 45.1 27 260 0.104
351 2 68.5 28 260 0.108
352 1 23.0 9 45 0.200
352 2 29.0 9 45 0.200
353 1 40.0 12 121 0.099
353 2 59.5 14 121 0.116
354 1 15.4 10 25 0.400
354 2 24.4 11 25 0.440
355 1 31.4 7 77 0.091
355 2 31.4 6 77 0.078
356 1 114.6 13 216 0.060
356 2 111.4 15 216 0.069
357 1 16.2 9 30 0.300
357 2 12.4 7 30 0.233
358 1 22.0 12 61 0.197
358 2 20.6 11 61 0.180
359 1 50.5 17 40 0.425
359 2 17.5 15 40 0.375
360 1 55.6 16 268 0.060
360 2 61.2 15 268 0.056
361 1 14.6 10 36 0.278
361 2 9.8 7 36 0.194
362 1 17.0 9 89 0.101
362 2 27.5 12 89 0.135
363 1 25.3 8 74 0.108
363 2 21.7 11 74 0.149
364 1 15.4 8 81 0.099
364 2 20.2 7 81 0.086
365 1 8.7 10 46 0.217
365 2 21.3 8 46 0.174
366 1 52.7 11 76 0.145
366 2 15.3 9 76 0.118
367 1 24.4 10 181 0.055
367 2 31.0 11 181 0.061
368 1 20.8 9 213 0.042
368 2 26.2 10 213 0.047
369 1 52.0 8 149 0.054
369 2 40.0 9 149 0.060
370 1 19.7 7 71 0.099
370 2 18.0 6 71 0.085
371 1 8.0 7 34 0.206
371 2 16.0 9 34 0.265
372 1 44.4 10 242 0.041
372 2 90.6 11 242 0.045
373 1 182.5 23 211 0.109
373 2 140.5 21 211 0.100
374 1 20.6 10 73 0.137
374 2 17.8 8 73 0.110
375 1 49.0 14 183 0.077
375 2 61.0 11 183 0.060
376 1 29.8 10 41 0.244
376 2 26.2 9 41 0.220
377 1 26.2 7 28 0.250
377 2 26.2 7 28 0.250
378 1 28.2 9 104 0.087
378 2 17.0 8 104 0.077
379 1 10.0 7 25 0.280
379 2 26.5 8 25 0.320
380 1 19.9 9 100 0.090
380 2 15.7 6 100 0.060
381 1 36.2 7 28 0.250
381 2 12.2 8 28 0.286
382 1 19.0 8 108 0.074
382 2 41.5 10 108 0.093
383 1 21.3 9 55 0.164
383 2 8.7 9 55 0.164
384 1 12.0 11 21 0.524
384 2 19.7 8 21 0.381
385 1 46.6 10 40 0.250
385 2 28.6 8 40 0.200
386 1 14.8 9 57 0.158
386 2 8.2 10 57 0.175
387 1 16.0 9 48 0.188
387 2 29.5 8 48 0.167
388 1 75.0 10 21 0.476
388 2 23.0 12 21 0.571
389 1 5.8 9 27 0.333
389 2 8.2 8 27 0.296
390 1 14.0 9 89 0.101
390 2 13.0 7 89 0.079
391 1 29.7 9 179 0.050
391 2 21.3 9 179 0.050
392 1 67.5 26 264 0.098
392 2 34.6 25 264 0.095
393 1 29.8 12 237 0.051
393 2 48.7 9 237 0.038
394 1 14.2 8 75 0.107
394 2 13.1 7 75 0.093
395 1 20.2 13 48 0.271
395 2 36.2 13 48 0.271
396 1 53.7 10 32 0.312
396 2 40.1 7 32 0.219
397 1 38.8 16 32 0.500
397 2 15.4 16 32 0.500
398 1 59.5 10 50 0.200
398 2 43.0 11 50 0.220
399 1 59.0 7 140 0.050
399 2 51.0 9 140 0.064
400 1 55.4 10 43 0.233
400 2 43.5 10 43 0.233
401 1 45.1 27 260 0.104
401 2 68.5 28 260 0.108
402 1 23.0 9 45 0.200
402 2 29.0 9 45 0.200
403 1 40.0 12 121 0.099
403 2 59.5 14 121 0.116
404 1 15.4 10 25 0.400
404 2 24.4 11 25 0.440
405 1 31.4 7 77 0.091
405 2 31.4 6 77 0.078
406 1 114.6 13 216 0.060
406 2 111.4 15 216 0.069
407 1 16.2 9 30 0.300
407 2 12.4 7 30 0.233
408 1 22.0 12 61 0.197
408 2 20.6 11 61 0.180
409 1 50.5 17 40 0.425
409 2 17.5 15 40 0.375
410 1 55.6 16 268 0.060
410 2 61.2 15 268 0.056
411 1 14.6 10 36 0.278
411 2 9.8 7 36 0.194
412 1 17.0 9 89 0.101
412 2 27.5 12 89 0.135
413 1 25.3 8 74 0.108
413 2 21.7 11 74 0.149
414 1 15.4 8 81 0.099
414 2 20.2 7 81 0.086
415 1 8.7 10 46 0.217
415 2 21.3 8 46 0.174
416 1 52.7 11 76 0.145
416 2 15.3 9 76 0.118
417 1 24.4 10 181 0.055
417 2 31.0 11 181 0.061
418 1 20.8 9 213 0.042
418 2 26.2 10 213 0.047
419 1 52.0 8 149 0.054
419 2 40.0 9 149 0.060
420 1 19.7 7 71 0.099
420 2 18.0 6 71 0.085
421 1 8.0 7 34 0.206
421 2 16.0 9 34 0.265
422 1 44.4 10 242 0.041
422 2 90.6 11 242 0.045
423 1 182.5 23 211 0.109
423 2 140.5 21 211 0.100
424 1 20.6 10 73 0.137
424 2 17.8 8 73 0.110
425 1 49.0 14 183 0.077
425 2 61.0 11 183 0.060
426 1 29.8 10 41 0.244
426 2 26.2 9 41 0.220
427 1 26.2 7 28 0.250
427 2 26.2 7 28 0.250
428 1 28.2 9 104 0.087
428 2 17.0 8 104 0.077
429 1 10.0 7 25 0.280
429 2 26.5 8 25 0.320
430 1 19.9 9 100 0.090
430 2 15.7 6 100 0.060
431 1 36.2 7 28 0.250
431 2 12.2 8 28 0.286
432 1 19.0 8 108 0.074
432 2 41.5 10 108 0.093
433 1 21.3 9 55 0.164
433 2 8.7 9 55 0.164
434 1 12.0 11 21 0.524
434 2 19.7 8 21 0.381
435 1 46.6 10 40 0.250
435 2 28.6 8 40 0.200
436 1 14.8 9 57 0.158
436 2 8.2 10 57 0.175
437 1 16.0 9 48 0.188
437 2 29.5 8 48 0.167
438 1 75.0 10 21 0.476
438 2 23.0 12 21 0.571
439 1 5.8 9 27 0.333
439 2 8.2 8 27 0.296
440 1 14.0 9 89 0.101
440 2 13.0 7 89 0.079
441 1 29.7 9 179 0.050
441 2 21.3 9 179 0.050
442 1 67.5 26 264 0.098
442 2 34.6 25 264 0.095
443 1 29.8 12 237 0.051
443 2 48.7 9 237 0.038
444 1 14.2 8 75 0.107
444 2 13.1 7 75 0.093
445 1 20.2 13 48 0.271
445 2 36.2 13 48 0.271
446 1 53.7 10 32 0.312
446 2 40.1 7 32 0.219
447 1 38.8 16 32 0.500
447 2 15.4 16 32 0.500
448 1 59.5 10 50 0.200
448 2 43.0 11 50 0.220
449 1 59.0 7 140 0.050
449 2 51.0 9 140 0.064
450 1 55.4 10 43 0.233
450 2 43.5 10 43 0.233
451 1 45.1 27 260 0.104
451 2 68.5 28 260 0.108
452 1 23.0 9 45 0.200
452 2 29.0 9 45 0.200
453 1 40.0 12 121 0.099
453 2 59.5 14 121 0.116
454 1 15.4 10 25 0.400
454 2 24.4 11 25 0.440
455 1 31.4 7 77 0.091
455 2 31.4 6 77 0.078
456 1 114.6 13 216 0.060
456 2 111.4 15 216 0.069
457 1 16.2 9 30 0.300
457 2 12.4 7 30 0.233
458 1 22.0 12 61 0.197
458 2 20.6 11 61 0.180
459 1 50.5 17 40 0.425
459 2 17.5 15 40 0.375
460 1 55.6 16 268 0.060
460 2 61.2 15 268 0.056
461 1 14.6 10 36 0.278
461 2 9.8 7 36 0.194
462 1 17.0 9 89 0.101
462 2 27.5 12 89 0.135
463 1 25.3 8 74 0.108
463 2 21.7 11 74 0.149
464 1 15.4 8 81 0.099
464 2 20.2 7 81 0.086
465 1 8.7 10 46 0.217
465 2 21.3 8 46 0.174
466 1 52.7 11 76 0.145
466 2 15.3 9 76 0.118
467 1 24.4 10 181 0.055
467 2 31.0 11 181 0.061
468 1 20.8 9 213 0.042
468 2 26.2 10 213 0.047
469 1 52.0 8 149 0.054
469 2 40.0 9 149 0.060
470 1 19.7 7 71 0.099
470 2 18.0 6 71 0.085
471 1 8.0 7 34 0.206
471 2 16.0 9 34 0.265
472 1 44.4 10 242 0.041
472 2 90.6 11 242 0.045
473 1 182.5 23 211 0.109
473 2 140.5 21 211 0.100
474 1 20.6 10 73 0.137
474 2 17.8 8 73 0.110
475 1 49.0 14 183 0.077
475 2 61.0 11 183 0.060
476 1 29.8 10 41 0.244
476 2 26.2 9 41 0.220
477 1 26.2 7 28 0.250
477 2 26.2 7 28 0.250
478 1 28.2 9 104 0.087
478 2 17.0 8 104 0.077
479 1 10.0 7 25 0.280
479 2 26.5 8 25 0.320
480 1 19.9 9 100 0.090
480 2 15.7 6 100 0.060
481 1 36.2 7 28 0.250
481 2 12.2 8 28 0.286
482 1 19.0 8 108 0.074
482 2 41.5 10 108 0.093
483 1 21.3 9 55 0.164
483 2 8.7 9 55 0.164
484 1 12.0 11 21 0.524
484 2 19.7 8 21 0.381
485 1 46.6 10 40 0.250
485 2 28.6 8 40 0.200
486 1 14.8 9 57 0.158
486 2 8.2 10 57 0.175
487 1 16.0 9 48 0.188
487 2 29.5 8 48 0.167
488 1 75.0 10 21 0.476
488 2 23.0 12 21 0.571
489 1 5.8 9 27 0.333
489 2 8.2 8 27 0.296
490 1 14.0 9 89 0.101
490 2 13.0 7 89 0.079
491 1 29.7 9 179 0.050
491 2 21.3 9 179 0.050
492 1 67.5 26 264 0.098
492 2 34.6 25 264 0.095
493 1 29.8 12 237 0.051
493 2 48.7 9 237 0.038
494 1 14.2 8 75 0.107
494 2 13.1 7 75 0.093
495 1 20.2 13 48 0.271
495 2 36.2 13 48 0.271
496 1 53.7 10 32 0.312
496 2 40.1 7 32 0.219
497 1 38.8 16 32 0.500
497 2 15.4 16 32 0.500
498 1 59.5 10 50 0.200
498 2 43.0 11 50 0.220
499 1 59.0 7 140 0.050
499 2 51.0 9 140 0.064
500 1 55.4 10 43 0.233
500 2 43.5 10 43 0.233
