23
2
54
54
1 1 22.0 6 44 0.500
1 2 39.0 7 44 0.886
2 1 75.6 10 120 0.630
2 2 39.6 10 120 0.330
3 1 28.8 10 60 0.480
3 2 46.8 10 60 0.780
4 1 57.2 9 88 0.650
4 2 26.0 6 88 0.295
5 1 19.2 5 73 0.263
5 2 67.2 7 73 0.921
6 1 19.8 7 45 0.440
6 2 20.9 5 45 0.464
7 1 32.2 8 75 0.429
7 2 72.8 9 75 0.971
8 1 28.8 6 180 0.160
8 2 20.0 7 180 0.111
9 1 19.8 4 148 0.134
9 2 28.8 6 148 0.195
10 1 13.5 5 72 0.188
10 2 7.5 8 72 0.104
11 1 34.2 10 182 0.188
11 2 36.0 11 182 0.198
12 1 57.6 8 40 1.440
12 2 44.8 8 40 1.120
13 1 13.6 7 107 0.127
13 2 27.2 6 107 0.254
14 1 52.8 7 56 0.943
14 2 17.6 6 56 0.314
15 1 20.0 7 47 0.426
15 2 16.0 4 47 0.340
16 1 54.0 7 178 0.303
16 2 25.2 4 178 0.142
17 1 33.3 6 74 0.450
17 2 19.8 5 74 0.268
18 1 46.8 5 67 0.699
18 2 64.8 6 67 0.967
19 1 9.0 11 47 0.191
19 2 15.6 11 47 0.332
20 1 30.8 8 49 0.629
20 2 7.7 7 49 0.157
21 1 14.4 10 49 0.294
21 2 13.2 9 49 0.269
22 1 50.4 5 139 0.363
22 2 73.8 7 139 0.531
23 1 61.6 8 42 1.467
23 2 39.2 6 42 0.933
