50
2
165
165
1 1 44.1 24 259 0.170
1 2 67.5 25 259 0.261
2 1 22.0 6 44 0.500
2 2 28.0 6 44 0.636
3 1 39.0 9 120 0.325
3 2 58.5 11 120 0.487
4 1 14.4 7 24 0.600
4 2 23.4 8 24 0.975
5 1 30.4 4 76 0.400
5 2 30.4 3 76 0.400
6 1 113.6 10 215 0.528
6 2 110.4 12 215 0.513
7 1 15.2 6 29 0.524
7 2 11.4 4 29 0.393
8 1 21.0 9 60 0.350
8 2 19.6 8 60 0.327
9 1 49.5 14 39 1.269
9 2 16.5 12 39 0.423
10 1 54.6 13 267 0.204
10 2 60.2 12 267 0.225
11 1 13.6 7 35 0.389
11 2 8.8 4 35 0.251
12 1 16.0 6 88 0.182
12 2 26.5 9 88 0.301
13 1 24.3 5 73 0.333
13 2 20.7 8 73 0.284
14 1 14.4 5 80 0.180
14 2 19.2 4 80 0.240
15 1 7.7 7 45 0.171
15 2 20.3 5 45 0.451
16 1 51.7 8 75 0.689
16 2 14.3 6 75 0.191
17 1 23.4 7 180 0.130
17 2 30.0 8 180 0.167
18 1 19.8 6 212 0.093
18 2 25.2 7 212 0.119
19 1 51.0 5 148 0.345
19 2 39.0 6 148 0.264
20 1 18.7 4 70 0.267
20 2 17.0 3 70 0.243
21 1 7.0 4 33 0.212
21 2 15.0 6 33 0.455
22 1 43.4 7 241 0.180
22 2 89.6 8 241 0.372
23 1 181.5 20 210 0.864
23 2 139.5 18 210 0.664
24 1 19.6 7 72 0.272
24 2 16.8 5 72 0.233
25 1 48.0 11 182 0.264
25 2 60.0 8 182 0.330
26 1 28.8 7 40 0.720
26 2 25.2 6 40 0.630
27 1 25.2 4 27 0.933
27 2 25.2 4 27 0.933
28 1 27.2 6 103 0.264
28 2 16.0 5 103 0.155
29 1 9.0 4 24 0.375
29 2 25.5 5 24 1.062
30 1 18.9 6 99 0.191
30 2 14.7 3 99 0.148
31 1 35.2 4 27 1.304
31 2 11.2 5 27 0.415
32 1 18.0 5 107 0.168
32 2 40.5 7 107 0.379
33 1 20.3 6 54 0.376
33 2 7.7 6 54 0.143
34 1 11.0 8 20 0.550
34 2 18.7 5 20 0.935
35 1 45.6 7 39 1.169
35 2 27.6 5 39 0.708
36 1 13.8 6 56 0.246
36 2 7.2 7 56 0.129
37 1 15.0 6 47 0.319
37 2 28.5 5 47 0.606
38 1 74.0 7 20 3.700
38 2 22.0 9 20 1.100
39 1 4.8 6 26 0.185
39 2 7.2 5 26 0.277
40 1 13.0 6 88 0.148
40 2 12.0 4 88 0.136
41 1 28.7 6 178 0.161
41 2 20.3 6 178 0.114
42 1 66.5 23 263 0.253
42 2 33.6 22 263 0.128
43 1 28.8 9 236 0.122
43 2 47.7 6 236 0.202
44 1 13.2 5 74 0.178
44 2 12.1 4 74 0.164
45 1 19.2 10 47 0.409
45 2 35.2 10 47 0.749
46 1 52.7 7 31 1.700
46 2 39.1 4 31 1.261
47 1 37.8 13 31 1.219
47 2 14.4 13 31 0.465
48 1 58.5 7 49 1.194
48 2 42.0 8 49 0.857
49 1 58.0 4 139 0.417
49 2 50.0 6 139 0.360
50 1 54.4 7 42 1.295
50 2 42.5 7 42 1.012
