23
2
86
86
1 1 22.0 12
1 2 39.0 14
2 1 75.6 20
2 2 39.6 20
3 1 28.8 20
3 2 46.8 20
4 1 57.2 18
4 2 26.0 12
5 1 19.2 10
5 2 67.2 14
6 1 19.8 14
6 2 20.9 10
7 1 32.2 16
7 2 72.8 18
8 1 28.8 12
8 2 20.0 14
9 1 19.8 8
9 2 28.8 12
10 1 13.5 10
10 2 7.5 16
11 1 34.2 20
11 2 36.0 22
12 1 57.6 16
12 2 44.8 16
13 1 13.6 14
13 2 27.2 12
14 1 52.8 14
14 2 17.6 12
15 1 20.0 14
15 2 16.0 8
16 1 54.0 14
16 2 25.2 8
17 1 33.3 12
17 2 19.8 10
18 1 46.8 10
18 2 64.8 12
19 1 9.0 22
19 2 15.6 22
20 1 30.8 16
20 2 7.7 14
21 1 14.4 20
21 2 13.2 18
22 1 50.4 10
22 2 73.8 14
23 1 61.6 16
23 2 39.2 12
1 44
2 120
3 60
4 88
5 73
6 45
7 75
8 180
9 148
10 72
11 182
12 40
13 107
14 56
15 47
16 178
17 74
18 67
19 47
20 49
21 49
22 139
23 42
