23
2
17
17
1 1 22.0 6
1 2 39.0 7
2 1 75.6 10
2 2 39.6 10
3 1 28.8 10
3 2 46.8 10
4 1 57.2 9
4 2 26.0 6
5 1 19.2 5
5 2 67.2 7
6 1 19.8 7
6 2 20.9 5
7 1 32.2 8
7 2 72.8 9
8 1 28.8 6
8 2 20.0 7
9 1 19.8 4
9 2 28.8 6
10 1 13.5 5
10 2 7.5 8
11 1 34.2 10
11 2 36.0 11
12 1 57.6 8
12 2 44.8 8
13 1 13.6 7
13 2 27.2 6
14 1 52.8 7
14 2 17.6 6
15 1 20.0 7
15 2 16.0 4
16 1 54.0 7
16 2 25.2 4
17 1 33.3 6
17 2 19.8 5
18 1 46.8 5
18 2 64.8 6
19 1 9.0 11
19 2 15.6 11
20 1 30.8 8
20 2 7.7 7
21 1 14.4 10
21 2 13.2 9
22 1 50.4 5
22 2 73.8 7
23 1 61.6 8
23 2 39.2 6
1 44
2 120
3 60
4 88
5 73
6 45
7 75
8 180
9 148
10 72
11 182
12 40
13 107
14 56
15 47
16 178
17 74
18 67
19 47
20 49
21 49
22 139
23 42
